data/rot_images/201908_10470622_19-S02012_2000764_1564567176835_0.jpg 277.9998,221.5002,495.9996,272.5002,0 439.00019999999995,292.5,529.0002,377.5002,1 415.0002,376.49999999999994,505.0002,461.50019999999995,1 338.99999999999994,428.5002,428.99999999999994,513.5004,1 244.9998,420.49980000000005,334.9998,505.50000000000006,1
data/rot_images/201908_10470623_19-S02012_2000765_1564567190283_0.jpg 268.9998,180.49980000000002,526.9998,247.50000000000003,0 448.9998,271.9998,552.9996,373.9998,1 423.0,376.0002,526.9998,478.0002,1 330.0,436.9998,433.9998,538.9998,1 223.0002,429.0,327.0,531.0,1
data/rot_images/201908_10470625_19-S02012_2000767_1564567289037_0.jpg 264.4998,205.50000000000003,547.5,268.5,0 462.4998,282.4998,563.4996,361.5,1 437.5002,368.5002,538.5,457.5,1 347.5002,424.5,466.5,511.5,1 223.0002,421.9998,343.0002,517.9998,1
data/rot_images/201908_10470626_19-S02012_2073717_1564567649295_0.jpg 279.0,219.49980000000002,519.0,266.49960000000004,0 456.4998,299.5002,565.5,394.5,1 435.4998,394.5,544.5,489.4998,1 348.0,457.99980000000005,450.0,558.0,1 240.0,456.0,342.0,556.0002,1
data/rot_images/201908_10470627_19-S02012_2000769_1564567384909_0.jpg 295.5,223.0002,550.5,285.0,0 474.0,412.0002,586.0002,510.0,1 376.0002,478.0002,486.0,590.0004,1 253.5,475.0002,374.5002,585.0,1
data/rot_images/201908_10470628_19-S02012_2000771_1564567402174_0.jpg 276.0,212.5002,499.99980000000005,279.5004,0 436.5,303.4998,523.5,392.4996,1 409.0002,396.4998,501.0,489.4998,1 319.9998,449.5002,415.9998,548.5002,1 219.0,441.0,316.9998,544.9998,1
data/rot_images/201908_10470630_19-S02012_2000770_1564567435180_0.jpg 285.0,190.9998,525.0,252.9996,0 483.00000000000006,264.0,592.9998,367.9998,1 460.0002,366.0,570.0,469.9998,1 367.00019999999995,426.0,476.99999999999994,529.9998,1 256.9998,426.0,366.9996,529.9998,1
data/rot_images/201908_10470631_19-S02012_2000773_1564567454844_0.jpg 294.0,206.5002,541.9998,269.5002,0 479.50019999999995,295.5,580.5,400.5,1 457.5,399.4998,560.5002,500.4996,1 364.00019999999995,466.5,479.99999999999994,577.5,1 244.9998,457.5,360.9996,568.5,1
data/rot_images/201908_10470632_19-S02012_2000772_1564567475944_0.jpg 267.4998,169.0002,546.4998,225.0,0 469.0002,260.5002,583.0002,359.5002,1 435.0,361.5,549.0,460.5,1 336.00000000000006,417.4998,450.00000000000006,516.4998,1 219.0,410.5002,333.0,509.5002,1
data/rot_images/201908_10470634_19-S02012_2000774_1564567510301_0.jpg 268.9998,200.5002,534.9996,251.5002,0 474.0,276.0,588.0,364.0002,1 436.9998,369.0,550.9998,457.0002,1 337.9998,423.0,451.9998,511.0002,1 219.0,416.99999999999994,333.0,505.00019999999995,1
data/rot_images/201908_10470635_19-S02012_2000777_1564567523959_0.jpg 295.0002,232.9998,511.0002,297.0,0 443.5002,325.0002,532.5,419.0004,1 412.9998,423.49980000000005,502.9998,526.5,1 328.9998,480.4998,418.9998,583.5,1 229.5,472.5,328.5,579.4998,1
data/rot_images/201908_10470636_19-S02012_2000776_1564567538444_0.jpg 284.5002,204.00000000000003,491.50019999999995,268.0002,0 454.9998,257.5002,546.9996,344.5002,1 435.0,346.5,526.9998,433.5,1 366.0,402.4998,457.9998,489.4998,1 268.0002,405.4998,360.0,492.4998,1
data/rot_images/201908_10470637_19-S02012_2000779_1564567555222_0.jpg 272.5002,223.0002,519.5004,281.0004,0 445.9998,304.49999999999994,552.0,391.49999999999994,1 423.49980000000005,402.4998,520.5,497.4996,1 340.9998,463.0002,442.9998,563.0004,1 229.00019999999998,454.0002,333.0,560.0004,1
data/rot_images/201908_10470641_19-S02012_2000780_1564567722052_0.jpg 280.0002,197.5002,546.0,258.5004,0 471.0,286.5,580.9998,381.4998,1 430.9998,379.49999999999994,540.9996,474.49979999999994,1 334.9998,435.4998,444.9996,530.4996,1 220.99980000000002,426.49980000000005,330.9996,521.4996000000001,1
data/rot_images/201908_10470642_19-S02012_2000782_1564567735353_0.jpg 280.9998,204.00000000000003,537.0,252.00000000000003,0 475.5,283.0002,580.5,371.0004,1 436.5,372.0,541.5,460.0002,1 343.5,423.49980000000005,450.4998,508.50000000000006,1 228.4998,408.4998,335.4996,493.5,1
data/rot_images/201908_10470644_19-S02012_2000784_1564567765279_0.jpg 281.5002,196.9998,562.5,255.0,0 491.99999999999994,283.9998,606.0,381.9996,1 454.0002,382.99980000000005,568.0002,480.99960000000004,1 354.49980000000005,440.5002,469.50000000000006,537.5004,1 235.5,434.5002,350.5002,531.5004,1
data/rot_images/201908_10470645_19-S02012_2000787_1564567813855_0.jpg 273.4998,212.5002,492.4998,261.5004,0 441.4998,284.5002,528.4998,371.5002,1 427.5,368.5002,514.5,455.5002,1 360.0,427.5,451.9998,516.4998,1 259.0002,425.5002,359.0004,518.5002,1
data/rot_images/201908_10470646_19-S02012_2000786_1564567826970_0.jpg 289.0002,215.5002,525.0,270.5004,0 469.9998,288.4998,571.9998,375.4998,1 435.0,380.5002,537.0,467.5002,1 341.99999999999994,429.49980000000005,443.99999999999994,516.4998,1 235.9998,423.49980000000005,337.9998,510.49980000000005,1
data/rot_images/201908_10470647_19-S02012_2000789_1564567878540_0.jpg 277.9998,217.99980000000002,483.9996,271.99980000000005,0 432.0,286.5,517.9998,363.4998,1 421.5,367.9998,506.5002,450.0,1 354.0,420.49980000000005,444.0,507.49980000000005,1 253.99980000000002,419.5002,349.99980000000005,510.5004,1
data/rot_images/201908_10470648_19-S02012_2000788_1564567889715_0.jpg 274.5,169.9998,507.4998,237.9996,0 462.4998,238.9998,567.4998,348.9996,1 442.00019999999995,349.0002,548.0003999999999,453.0,1 364.00019999999995,412.5,455.99999999999994,505.5,1 264.0,411.4998,355.9998,504.4998,1
data/rot_images/201908_10470650_19-S02012_2000790_1564567923451_0.jpg 277.0002,187.0002,481.00020000000006,239.0004,0 445.50000000000006,253.0002,532.5,337.0002,1 424.9998,343.0002,510.9996,427.0002,1 354.49980000000005,400.9998,441.49980000000005,484.9998,1 262.0002,402.0,354.0,492.0,1
data/rot_images/201908_10470653_19-S02012_2000896_1564568166515_0.jpg 283.5,209.5002,502.5,266.5002,0 446.5002,289.0002,533.5002,383.0004,1 433.00019999999995,384.4998,525.0,477.4998,1 355.9998,447.0,457.9998,550.9998,1 247.9998,439.00019999999995,349.9998,543.0,1
data/rot_images/201908_10470654_19-S02012_2000898_1564568182312_0.jpg 277.5,219.49980000000002,508.5,278.49960000000004,0 448.9998,301.49999999999994,549.0,388.49999999999994,1 415.9998,390.4998,516.0,477.4998,1 330.0,437.5002,430.0002,524.5002,1 225.0,423.49980000000005,325.0002,510.49980000000005,1
data/rot_images/201908_10470655_19-S02012_2000895_1564568199769_0.jpg 288.4998,180.49980000000002,591.4998,239.49960000000002,0 511.5,273.4998,632.5002,382.5,1 473.50019999999995,383.5002,594.5003999999999,492.5004,1 363.4998,439.5,484.5,548.5002,1 237.4998,434.5002,358.5,543.5004,1
data/rot_images/201908_10470656_19-S02012_2000897_1564568210069_0.jpg 300.0,211.0002,528.0,263.0004,0 484.0002,272.5002,580.0002,355.5,1 457.5,363.4998,560.5002,454.5,1 368.5002,418.5,471.5004,509.5002,1 263.5002,416.5002,366.5004,507.5004,1
data/rot_images/201908_10470658_19-S02012_2000899_1564568235953_0.jpg 270.0,219.0,547.9998,279.0,0 480.0,302.5002,588.0,395.5002,1 447.0,393.0,562.9998,484.9998,1 343.9998,448.9998,459.9996,540.9996,1 219.0,438.0,334.9998,529.9998,1
data/rot_images/201908_10470659_19-S02012_2000902_1564568259471_0.jpg 270.0,220.0002,498.0,298.0002,0 441.0,308.5002,543.0,403.5,1 412.0002,402.4998,514.0002000000001,497.4996,1 322.9998,461.5002,424.9998,556.5,1 217.99980000000002,451.49999999999994,318.0,554.5002,1
data/rot_images/201908_10470660_19-S02012_2000901_1564568272910_0.jpg 263.5002,201.0,524.5002,259.0002,0 460.99980000000005,277.5,573.0,374.5002,1 427.9998,377.5002,540.0,474.5004,1 337.9998,431.5002,450.0,528.5004,1 225.0,429.49980000000005,337.0002,526.5,1
data/rot_images/201908_10470661_19-S02012_2000904_1564568291552_0.jpg 268.5,208.0002,545.5002,260.0004,0 479.50019999999995,286.5,596.5002,377.5002,1 455.5002,383.5002,572.5002,474.5004,1 361.5,444.4998,478.5,543.4998,1 234.4998,437.5002,351.4998,536.5002,1
data/rot_images/201908_10470662_19-S02012_2000903_1564568308000_0.jpg 291.0,207.4998,537.0,266.4996,0 480.4998,276.4998,583.5,371.4996,1 453.4998,373.50000000000006,556.5,468.49980000000005,1 366.4998,422.5002,469.5,517.5,1 256.5,417.4998,359.5002,512.4996,1
data/rot_images/201908_10470663_19-S02012_2000906_1564568321695_0.jpg 268.0002,217.0002,522.0,275.0004,0 460.0002,288.0,568.0002,378.0,1 436.9998,379.0002,544.9998,469.0002,1 346.9998,436.00019999999995,454.9998,526.0002,1 237.0,433.9998,345.0,523.9998,1
data/rot_images/201908_10470664_19-S02012_2000905_1564568338439_0.jpg 270.0,215.5002,520.0002,276.5004,0 459.0,294.0,571.0002,397.9998,1 429.0,394.9998,541.0002,498.9996,1 337.0002,448.0002,439.0002,542.0004,1 228.0,441.0,330.0,535.0002,1
data/rot_images/201908_10470666_19-S02012_2000910_1564568432600_0.jpg 276.4998,220.0002,519.4998,298.0002,0 443.5002,311.5002,534.5004,402.5004,1 417.4998,411.4998,510.4998,508.5,1 333.00000000000006,469.5,435.00000000000006,572.5002,1 222.0,465.4998,331.9998,574.5,1
data/rot_images/201908_10470667_19-S02012_2000907_1564568445083_0.jpg 271.5,163.0002,546.4998,231.0,0 478.0002,249.0,590.0004,357.0,1 442.00019999999995,358.9998,554.0003999999999,466.9998,1 345.0,421.0002,457.0002,529.0002,1 228.0,412.9998,340.0002,520.9998,1
data/rot_images/201908_10470668_19-S02012_2000909_1564568456792_0.jpg 291.0,219.0,507.0,265.0002,0 451.9998,307.0002,549.9996,391.0002,1 420.0,390.0,517.9998,474.0,1 331.0002,430.0002,429.0,514.0002000000001,1 232.9998,411.00000000000006,330.9996,495.00000000000006,1
data/rot_images/201908_10470669_19-S02012_2000912_1564568470540_0.jpg 286.0002,243.4998,516.0,324.4998,0 444.0,340.0002,538.0002,434.0004,1 415.0002,438.0,509.0004,532.0002,1 324.0,499.9998,420.0,607.9998,1 220.0002,488.99999999999994,324.0,597.0,1
data/rot_images/201908_10470670_19-S02012_2000911_1564568486514_0.jpg 303.0,213.4998,526.9998,276.4998,0 458.5002,295.9998,551.5002,381.9996,1 427.5,385.0002,520.5,471.0,1 344.5002,429.0,437.5002,514.9998,1 248.5002,415.9998,341.5002,501.9996,1
data/rot_images/201908_10470672_19-S02012_2000913_1564568519656_0.jpg 271.0002,223.0002,535.0002,275.0004,0 475.0002,304.0002,599.0004,394.0002,1 442.00019999999995,394.9998,566.0003999999999,484.9998,1 338.5002,445.0002,447.5004,539.0004,1 222.49980000000002,430.0002,331.5,524.0004,1
data/rot_images/201908_10470673_19-S02012_2000916_1564568532304_0.jpg 259.0002,208.0002,523.0002,268.0002,0 443.5002,289.9998,548.5002,384.0,1 417.4998,388.0002,522.4998,482.0004,1 322.5,450.4998,435.4998,549.4998,1 206.5002,443.5002,319.5,542.5002,1
data/rot_images/201908_10470674_19-S02012_2000915_1564568547699_0.jpg 297.4998,223.5,528.4998,288.4998,0 471.0,307.5,568.9998,390.4998,1 433.00019999999995,392.5002,531.0,475.5,1 349.9998,434.5002,447.9996,517.5,1 247.9998,421.5,345.9996,504.4998,1
data/rot_images/201908_10470675_19-S02012_2000918_1564568563872_0.jpg 295.9998,234.0,513.9996,304.0002,0 439.5,316.0002,522.4998,404.0004,1 415.9998,403.0002,504.0,493.0002,1 340.9998,460.0002,429.0,550.0002,1 244.49999999999997,454.49999999999994,339.4998,551.5002,1
data/rot_images/201908_10470676_19-S02012_2000917_1564568578171_0.jpg 273.0,202.9998,537.0,256.9998,0 484.0002,285.0,602.0004,387.0,1 451.0002,388.99980000000005,569.0004,490.99980000000005,1 353.5002,439.5,466.5,536.5002,1 232.00019999999998,427.9998,350.0004,529.9998,1
data/rot_images/201908_10470677_19-S02012_2140019_1564568799147_0.jpg 307.5,193.5,490.5,262.5,0 450.4998,295.5,545.4996,392.5002,1 421.5,401.50019999999995,516.4998,498.50039999999996,1 336.4998,446.5002,431.4996,543.5004,1
data/rot_images/201908_10470681_19-S02012_2000874_1564569009823_0.jpg 283.9998,213.4998,492.0,262.5,0 441.0,287.5002,532.9998,372.5004,1 403.9998,373.50000000000006,495.9996,458.50020000000006,1 319.0002,419.5002,411.0,504.5004,1 225.0,413.5002,316.9998,498.5004,1
data/rot_images/201908_10470682_19-S02012_2000871_1564569020985_0.jpg 263.5002,238.9998,518.5002,300.9996,0 469.9998,333.00000000000006,588.0,442.99980000000005,1 444.4998,452.5002,573.4998,571.5,1 338.5002,522.4997999999999,467.5002,641.4996,1 213.4998,512.5002,342.4998,631.5,1
data/rot_images/201908_10470683_19-S02012_2000873_1564569032449_0.jpg 281.5002,234.4998,542.5002,301.5,0 459.4998,316.0002,556.5,412.0002,1 432.4998,412.0002,529.5,508.0002,1 346.5,468.0,443.5002,564.0,1 238.5,471.0,343.5,573.0,1
data/rot_images/201908_10470684_19-S02012_2000876_1564569050296_0.jpg 298.5,202.5,555.4998,263.5002,0 491.5002,286.9998,598.5,384.9996,1 460.5,387.0,567.4998,484.9998,1 367.5,438.0,474.4998,535.9998,1 259.5,430.0002,366.4998,528.0,1
data/rot_images/201908_10470685_19-S02012_2000875_1564569062478_0.jpg 270.0,226.00019999999998,546.0,286.00019999999995,0 469.9998,305.5002,585.9996,408.5004,1 438.0,409.5,553.9998,512.5002,1 337.9998,473.50019999999995,453.9996,576.5003999999999,1 219.0,463.5,334.9998,566.5002,1
data/rot_images/201908_10470686_19-S02012_2000878_1564569075843_0.jpg 263.5002,187.9998,518.5002,240.0,0 459.4998,269.5002,580.5,368.5002,1 427.9998,369.0,535.9998,465.0,1 337.0002,426.0,445.0002,522.0,1 223.99980000000002,421.0002,331.99980000000005,517.0002,1
data/rot_images/201908_10470688_19-S02012_2000880_1564569108917_0.jpg 286.0002,185.5002,574.0002,248.5002,0 516.4997999999999,277.9998,645.4997999999999,373.9998,1 478.5,378.0,607.5,474.0,1 366.4998,436.9998,495.4998,532.9998,1 239.5002,429.0,368.5002,525.0,1
data/rot_images/201908_10470689_19-S02012_2000879_1564569119380_0.jpg 291.4998,230.50019999999998,560.4996,287.50019999999995,0 473.50019999999995,303.0,580.5,394.9998,1 440.5002,394.0002,547.5,486.0,1 342.4998,457.0002,449.4996,549.0,1 231.4998,450.0,346.5,544.0002,1
data/rot_images/201908_10470690_19-S02012_2000882_1564569132768_0.jpg 269.5002,190.9998,562.5,249.0,0 483.4998,275.5002,606.4997999999999,382.5,1 450.4998,381.4998,573.4997999999999,488.4996,1 342.4998,439.5,465.4998,546.4998,1 211.5,425.5002,334.5,532.5,1
data/rot_images/201908_10470691_19-S02012_2000881_1564569150300_0.jpg 270.4998,211.9998,535.5,276.0,0 462.0,290.5002,568.0002,375.5004,1 427.9998,375.4998,534.0,460.5,1 334.5,430.0002,445.5,518.0004,1 214.0002,421.0002,330.0,511.0002,1
data/rot_images/201908_10470692_19-S02012_2067891_1564569247758_0.jpg 274.0002,208.49999999999997,532.0002,269.50019999999995,0 455.5002,283.9998,558.5004,369.9996,1 428.5002,373.0002,531.5004,459.0,1 334.9998,428.5002,444.9996,517.5,1 217.5,423.49980000000005,332.5002,516.4998,1
data/rot_images/201908_10470693_19-S02012_2000884_1564569285504_0.jpg 285.0,222.49980000000002,490.9998,283.5,0 439.00019999999995,309.0,527.0003999999999,399.0,1 416.99999999999994,402.4998,514.9997999999999,503.4996,1 334.9998,454.49999999999994,432.9996,555.4997999999999,1 235.9998,438.4998,333.9996,539.4996,1
data/rot_images/201908_10470694_19-S02012_2000886_1564569298572_0.jpg 280.5,214.9998,497.5002,270.9996,0 451.49999999999994,278.5002,548.5002,375.5004,1 433.5,375.4998,530.5002,472.5,1 360.4998,436.5,457.5,533.5002,1 257.5002,434.5002,354.5004,531.5004,1
data/rot_images/201908_10470695_19-S02012_2000883_1564569310824_0.jpg 268.9998,201.0,525.0,255.0,0 469.0002,272.5002,579.0,371.5002,1 445.9998,372.4998,555.9996,471.4998,1 351.0,436.9998,469.0002,538.9998,1 229.9998,436.00019999999995,348.0,538.0002,1
data/rot_images/201908_10470696_19-S02012_2000885_1564569322274_0.jpg 283.0002,226.00019999999998,549.0,288.0,0 474.4998,306.4998,581.4996,409.5,1 446.5002,407.5002,553.5,510.5004,1 355.5,473.50019999999995,462.4998,576.5003999999999,1 242.5002,471.4998,349.5,574.5,1
data/rot_images/201908_10470697_19-S02012_2000888_1564569337859_0.jpg 286.5,232.00019999999998,509.5002,286.00019999999995,0 463.0002,301.9998,561.0,403.9998,1 441.0,400.9998,538.9998,502.9998,1 358.9998,460.99980000000005,456.9996,562.9998,1 253.99980000000002,460.0002,351.99960000000004,562.0002000000001,1
data/rot_images/201908_10470699_19-S02012_2000890_1564569367421_0.jpg 280.9998,212.5002,519.0,263.5002,0 466.5,288.0,575.5002,390.0,1 432.4998,384.0,541.5,486.0,1 338.5002,439.00019999999995,447.5004,541.0002,1 228.4998,432.0,337.5,534.0,1
data/rot_images/201908_10470700_19-S02012_2000889_1564569378134_0.jpg 298.5,222.49980000000002,537.4998,279.49980000000005,0 472.9998,295.5,574.9998,392.5002,1 451.9998,393.4998,553.9998,490.5,1 369.0,456.4998,471.0,553.5,1 262.9998,459.4998,364.9998,556.5,1
data/rot_images/201908_10470702_19-S02012_2000891_1564569406561_0.jpg 280.5,232.5,563.5002,303.4998,0 499.5,344.5002,630.4998,473.5002,1 471.4998,478.5,602.4996,607.5,1 354.49980000000005,542.5002000000001,485.49960000000004,655.5,1 217.99980000000002,534.4997999999999,345.9996,665.4995999999999,1
data/rot_images/201908_10470703_19-S02012_2000894_1564569422684_0.jpg 256.0002,209.5002,500.0004,272.5002,0 436.9998,289.0002,537.0,395.0004,1 416.99999999999994,402.0,517.0002,508.0002,1 334.9998,468.0,435.0,574.0002,1 234.0,463.99980000000005,334.0002,570.0,1
data/rot_images/201908_10470704_19-S02012_2000893_1564569435585_0.jpg 279.4998,226.5,520.5,287.5002,0 459.0,309.4998,565.0002,408.4998,1 436.9998,410.5002,543.0,509.5002,1 352.0002,476.50019999999995,458.0004,575.5002,1 243.00000000000003,472.5,349.0002,571.5,1
data/rot_images/201908_10470705_19-S02012_2000794_1564569798298_0.jpg 267.0,219.0,526.9998,274.9998,0 474.4998,295.0002,595.5,379.0002,1 444.4998,381.0,565.5,465.0,1 345.49980000000005,426.49980000000005,454.50000000000006,511.50000000000006,1 233.50019999999998,413.5002,342.50039999999996,498.5004,1
data/rot_images/201908_10470707_19-S02012_2000796_1564569554106_0.jpg 295.5,211.5,528.4998,262.5,0 485.5002,275.5002,596.5002,366.5004,1 462.4998,380.5002,573.4998,471.5004,1 361.5,429.49980000000005,472.5,520.5,1 250.5,423.49980000000005,361.5,514.5,1
data/rot_images/201908_10470709_19-S02012_2000798_1564569601697_0.jpg 270.0,218.5002,510.0,275.5002,0 450.4998,292.0002,557.4996,382.0002,1 419.5002,382.99980000000005,526.5,472.99980000000005,1 326.50019999999995,433.00019999999995,433.49999999999994,523.0002,1 221.5002,430.0002,328.5,520.0002,1
data/rot_images/201908_10470711_19-S02012_2000800_1564569633501_0.jpg 276.0,187.9998,529.9998,246.0,0 474.4998,266.5002,587.4996,365.5002,1 434.5002,363.4998,547.5,462.4998,1 342.4998,418.0002,447.4998,512.0004,1 230.50019999999998,409.9998,335.50019999999995,504.0,1
data/rot_images/201908_10470713_19-S02012_2000802_1564569668730_0.jpg 278.5002,206.99999999999997,535.5,268.99979999999994,0 478.9998,291.0,597.0,391.0002,1 448.9998,391.99980000000005,567.0,492.00000000000006,1 346.0002,450.0,454.0002,547.9998,1 231.0,442.00019999999995,339.0,540.0,1
data/rot_images/201908_10470715_19-S02012_2000804_1564569696140_0.jpg 295.0002,227.50019999999998,517.0002,290.50019999999995,0 457.0002,308.5002,555.0,389.5002,1 427.9998,389.5002,525.9996,470.5002,1 341.99999999999994,427.9998,433.99979999999994,510.0,1 245.99999999999997,413.99999999999994,337.99979999999994,496.00019999999995,1
data/rot_images/201908_10470718_19-S02012_2074494_1564569902965_0.jpg 302.5002,219.0,571.5,277.0002,0
data/rot_images/201908_10470719_19-S02012_2059788_1564569980833_0.jpg 267.0,217.0002,519.0,285.0,0 451.49999999999994,294.4998,554.5002,389.4996,1 423.49980000000005,393.4998,526.5,488.4996,1 335.5002,452.5002,438.5004,547.5,1 221.5002,450.0,332.5002,556.0002,1
data/rot_images/201908_10470720_19-S02012_2000805_1564570001390_0.jpg 266.5002,213.0,547.5,279.0,0 481.0002,298.9998,601.0002,393.0,1 445.9998,393.0,565.9998,487.0002,1 343.0002,447.0,463.0002,541.0002,1 211.9998,436.9998,331.9998,531.0,1
data/rot_images/201908_10470721_19-S02012_2000862_1564570015044_0.jpg 268.0002,216.49980000000002,488.0004,269.4996,0 430.9998,286.9998,516.9996,370.9998,1 423.0,373.0002,508.9998,457.0002,1 353.5002,431.5002,448.5,530.5002,1 251.5002,426.49980000000005,346.5,525.4998,1
data/rot_images/201908_10470722_19-S02012_2000807_1564570028526_0.jpg 258.4998,220.0002,535.5,272.0004,0 481.5,303.4998,600.4998,404.4996,1 446.5002,399.4998,565.5,500.4996,1 345.49980000000005,453.4998,464.49960000000004,554.4996,1 225.4998,443.5002,344.4996,544.5,1
data/rot_images/201908_10470723_19-S02012_2000806_1564570052499_0.jpg 261.4998,237.4998,454.5,288.4998,0 399.0,301.0002,477.0,373.0002,1 388.99980000000005,373.9998,466.99980000000005,445.9998,1 331.0002,422.5002,413.0004,501.5004,1 247.0002,416.5002,329.0004,495.5004,1
data/rot_images/201908_10470725_19-S02012_2000808_1564570094310_0.jpg 258.4998,213.4998,451.5,260.4996,0 415.0002,284.5002,499.0002,361.5,1 411.00000000000006,363.4998,495.00000000000006,440.4996,1 354.49980000000005,413.99999999999994,441.49980000000005,499.99979999999994,1 260.5002,408.00000000000006,355.5,499.99980000000005,1
data/rot_images/201908_10470726_19-S02012_2000811_1564570112688_0.jpg 256.0002,229.9998,534.0,291.9996,0 476.50019999999995,283.5,589.5,368.5002,1 453.4998,370.50000000000006,566.4996,455.50020000000006,1 361.5,426.49980000000005,474.4998,511.50000000000006,1 243.4998,427.5,356.4996,512.5002,1
data/rot_images/201908_10470727_19-S02012_2000810_1564570129767_0.jpg 250.5,220.5,497.5002,287.5002,0 433.00019999999995,300.0,533.0003999999999,382.0002,1 423.0,378.0,523.0002,460.0002,1 346.0002,426.0,446.0004,508.0002,1 240.4998,410.5002,345.4998,495.5004,1
data/rot_images/201908_10470728_19-S02012_2000813_1564570156602_0.jpg 273.4998,199.5,574.5,260.5002,0 488.5002,274.0002,601.5,364.0002,1 456.0,368.5002,565.9998,459.5004,1 359.5002,420.49980000000005,472.5,511.50000000000006,1 241.50000000000003,415.5,354.49980000000005,506.5002,1
data/rot_images/201908_10470729_19-S02012_2000812_1564570166756_0.jpg 269.5002,251.5002,494.5002,308.5002,0 424.9998,318.0,507.0,397.9998,1 416.99999999999994,403.0002,499.00019999999995,483.0,1 352.9998,466.0002,441.0,558.0,1 253.0002,472.0002,355.0002,576.0,1
data/rot_images/201908_10470730_19-S02012_2000815_1564570183531_0.jpg 277.0002,223.5,529.0002,280.5,0 433.00019999999995,386.5002,535.0002,471.5004,1 462.0,292.5,564.0,377.5002,1 340.9998,435.4998,442.9998,520.5,1 232.9998,433.00019999999995,336.9996,527.0003999999999,1
data/rot_images/201908_10470731_19-S02012_2000814_1564570201019_0.jpg 284.5002,205.0002,487.5,263.0004,0 433.9998,277.5,517.9998,356.5002,1 421.0002,361.5,505.0002,440.5002,1 355.0002,409.5,439.0002,488.5002,1 265.0002,405.0,357.0,489.0,1
data/rot_images/201908_10470732_19-S02012_2016247_1564570511853_0.jpg 294.0,214.5,498.0,285.4998,0
data/rot_images/201908_10470733_19-S02012_2000840_1564570566697_0.jpg 270.0,213.4998,481.9998,276.4998,0 424.0002,284.5002,510.0,367.5,1 413.5002,364.9998,500.5002,444.9996,1 344.5002,411.4998,439.5,500.4996,1 241.0002,405.0,339.0,496.9998,1
data/rot_images/201908_10470734_19-S02012_2000842_1564570583299_0.jpg 285.0,231.0,547.0002,298.9998,0 471.0,313.0002,579.0,401.0004,1 448.9998,402.0,556.9998,490.0002,1 357.4998,459.4998,468.4998,554.4996,1 235.5,454.9998,352.5,558.9996,1
data/rot_images/201908_10470735_19-S02012_2000844_1564570599909_0.jpg 275.5002,231.4998,508.5,292.5,0 442.9998,300.4998,531.0,377.4996,1 430.0002,377.5002,518.0004,454.5,1 358.9998,427.9998,454.9998,510.0,1 255.49980000000002,426.0,360.49980000000005,517.9998,1
data/rot_images/201908_10470736_19-S02012_2000846_1564570621535_0.jpg 286.0002,211.0002,554.0004,267.0,0 493.0002,297.4998,607.0002,400.5,1 478.9998,404.50019999999995,603.0,513.5003999999999,1 377.5002,472.9998,504.5004,585.0,1 241.9998,468.4998,375.9996,585.4998,1
data/rot_images/201908_10470737_19-S02012_2000848_1564570640417_0.jpg 278.5002,215.5002,555.5004,282.5004,0 486.4998,318.0,601.5,426.0,1 477.0,437.5002,601.0002,564.5004,1 375.0,520.5,507.0,661.5,1 234.4998,511.00019999999995,373.5,651.0,1
data/rot_images/201908_10470738_19-S02012_2000850_1564706151276_0.jpg 295.9998,194.50019999999998,577.9998,265.5,0 499.5,303.0,620.5002,418.9998,1 463.5,418.9998,584.5002,534.9996,1 361.5,487.0002,482.5002,603.0,1 235.5,481.9998,360.4998,606.0,1
data/rot_images/201908_10470739_19-S02012_2000841_1564570929833_0.jpg 262.5,229.9998,519.4998,283.9998,0 453.4998,301.49999999999994,554.4996,390.49979999999994,1 419.5002,394.5,520.5,483.4998,1 331.5,446.5002,432.4998,535.5,1 223.5,436.5,324.4998,525.4998,1
data/rot_images/201908_10470741_19-S02012_2000843_1564570946246_0.jpg 279.0,205.9998,577.0002,265.9998,0 512.5002,290.5002,647.5002,385.5,1 466.5,386.5002,601.5,481.5,1 347.5002,438.4998,482.5002,533.4996,1 211.5,423.49980000000005,346.5,518.4996000000001,1
data/rot_images/201908_10470742_19-S02012_2000854_1564570975128_0.jpg 286.9998,205.9998,564.9996,279.9996,0 474.4998,292.5,577.5,389.5002,1 440.5002,392.5002,543.5004,489.5004,1 348.49980000000005,454.9998,461.49960000000004,555.0,1 221.5002,453.0,342.5004,562.9998,1
data/rot_images/201908_10470743_19-S02012_2000845_1564570992884_0.jpg 259.5,192.0,500.5002,262.0002,0 458.5002,288.4998,577.5,409.5,1 427.5,412.5,546.4998,533.5002,1 332.5002,478.0002,441.5004,596.0004,1 218.5002,459.0,327.5004,577.0002,1
data/rot_images/201908_10470744_19-S02012_2000856_1564571015637_0.jpg 261.4998,236.5002,502.5,295.5,0 431.5002,313.5,520.5,398.5002,1 416.99999999999994,398.50019999999995,514.9997999999999,483.50039999999996,1 344.5002,450.0,445.5,541.9998,1 238.5,444.4998,339.4998,537.4998,1
data/rot_images/201908_10470745_19-S02012_2000847_1564571044572_0.jpg 279.0,203.5002,537.0,262.5,0 491.5002,278.5002,622.5,379.5,1 452.5002,380.5002,583.5,481.5,1 345.0,433.5,465.0,530.5002,1 225.0,423.0,333.0,513.0,1
data/rot_images/201908_10470746_19-S02012_2000858_1564571059271_0.jpg 255.49980000000002,240.0,472.5,295.9998,0 418.5,298.5,507.4998,385.5,1 409.5,390.0,508.5,481.9998,1 335.5002,457.99980000000005,434.5002,549.9996000000001,1 232.5,465.0,331.5,567.0,1
data/rot_images/201908_10470747_19-S02012_2000849_1564571073967_0.jpg 271.0002,211.0002,535.0002,267.0,0 468.4998,286.5,591.4997999999999,381.4998,1 427.5,380.5002,546.4998,471.5004,1 327.4998,433.9998,438.4998,523.9998,1 215.5002,424.9998,326.5002,514.9998,1
data/rot_images/201908_10470748_19-S02012_2000860_1564571090778_0.jpg 278.5002,184.5,475.5,239.5002,0 434.5002,232.9998,517.5,318.9996,1 434.5002,319.0002,517.5,405.0,1 375.0,385.0002,465.0,475.0002,1 279.4998,396.0,368.4996,487.9998,1
data/rot_images/201908_10470749_19-S02012_2000851_1564571109509_0.jpg 284.5002,216.49980000000002,505.5,265.5,0 456.0,282.4998,559.9998,373.5,1 434.5002,376.9998,535.5,471.0,1 353.5002,439.00019999999995,454.5,533.0003999999999,1 252.4998,430.9998,353.4996,525.0,1
data/rot_images/201908_10470750_19-S02012_2000863_1564571122760_0.jpg 296.5002,220.0002,521.5002,274.0002,0 465.0,298.9998,550.9998,399.0,1 456.0,400.9998,541.9998,501.0,1 385.0002,475.9998,479.0004,579.9996,1 280.9998,484.5,381.0,593.5002,1
data/rot_images/201908_10470754_19-S02012_2000866_1564571247720_0.jpg 271.9998,211.9998,543.9996,271.9998,0 460.99980000000005,286.5,567.0,371.5002,1 426.0,377.5002,532.0002,462.5004,1 330.0,432.4998,436.0002,517.5,1 211.9998,430.0002,325.9998,528.0,1
data/rot_images/201908_10470755_19-S02012_2000857_1564571267440_0.jpg 278.5002,210.0,579.5004,262.0002,0 508.5,283.5,633.4998,376.5,1 467.5002,380.5002,592.5,473.5002,1 360.4998,432.4998,485.4996,525.4998,1 232.5,428.5002,357.4998,521.5002,1
data/rot_images/201908_10470756_19-S02012_2000867_1564571278660_0.jpg 271.9998,228.4998,525.9996,299.4996,0 449.5002,318.4998,546.5004,419.4996,1 422.5002,419.5002,519.5004,520.5,1 337.0002,484.9998,445.0002,594.9996,1 219.49980000000002,481.0002,332.4996,601.0002,1
data/rot_images/201908_10470757_19-S02012_2000859_1564571304355_0.jpg 281.5002,202.0002,554.5002,254.0004,0 480.0,277.5,588.0,364.5,1 447.0,370.50000000000006,555.0,457.50000000000006,1 348.0,424.5,462.0,515.5002,1 232.00019999999998,416.5002,346.00019999999995,507.5004,1
data/rot_images/201908_10470758_19-S02012_2000868_1564571313549_0.jpg 268.0002,232.00019999999998,494.0004,302.0004,0 424.0002,326.50019999999995,518.0004,417.50039999999996,1 397.9998,422.5002,492.0,521.5002,1 314.5002,480.4998,411.5004,581.4996,1 208.0002,471.0,320.0004,585.0,1
data/rot_images/201908_10470759_19-S02012_2000861_1564571331300_0.jpg 274.0002,205.50000000000003,506.0004,270.49980000000005,0 468.0,274.0002,571.9998,370.0002,1 441.0,370.0002,544.9998,466.0002,1 358.00019999999995,430.0002,461.99999999999994,526.0002,1 247.9998,429.0,351.9996,525.0,1
data/rot_images/201908_10470760_19-S02012_2000869_1564571344562_0.jpg 250.9998,202.5,483.0,259.5,0 423.0,269.5002,520.9998,356.5002,1 403.9998,358.5,501.9996,445.5,1 316.99980000000005,420.49980000000005,414.99960000000004,507.49980000000005,1 215.5002,418.5,316.5,517.5,1
data/rot_images/201908_10470765_19-S02012_2000816_1564571525096_0.jpg 261.0,220.99980000000002,511.0002,273.0,0 468.0,294.4998,598.0002,395.4996,1 439.00019999999995,399.4998,569.0003999999999,500.4996,1 331.9998,463.0002,451.9998,565.0002000000001,1 219.49980000000002,452.5002,324.49980000000005,547.5,1
data/rot_images/201908_10470766_19-S02012_2000818_1564571539692_0.jpg 272.5002,225.0,525.5004,277.0002,0 473.50019999999995,300.4998,590.5002,391.5,1 442.9998,393.0,562.9998,489.0,1 342.4998,442.9998,453.4998,537.0,1 225.4998,433.00019999999995,336.4998,527.0003999999999,1
data/rot_images/201908_10470767_19-S02012_2000821_1564571556543_0.jpg 270.0,190.5,486.0,237.4998,0 432.4998,258.4998,523.5,341.4996,1 421.9998,346.0002,511.9998,432.0,1 353.5002,405.0,450.5004,496.9998,1 253.5,402.0,350.5002,493.9998,1
data/rot_images/201908_10470768_19-S02012_2000820_1564571574643_0.jpg 277.9998,194.50019999999998,523.9997999999999,249.50039999999998,0 474.0,270.0,586.0002,370.0002,1 436.00019999999995,370.0002,548.0003999999999,470.0004,1 333.4998,418.5,442.5,511.5,1 226.9998,408.4998,328.9998,501.4998,1
data/rot_images/201908_10470770_19-S02012_2000822_1564571605703_0.jpg 268.0002,171.4998,528.0,238.5,0 478.5,263.5002,595.5,374.5002,1 450.4998,374.5002,567.4998,485.5002,1 350.5002,435.4998,459.5004,542.4996,1 236.5002,423.49980000000005,345.5004,530.4996000000001,1
data/rot_images/201908_10470772_19-S02012_2000824_1564571637330_0.jpg 286.5,201.4998,509.5002,254.4996,0 461.5002,256.5,556.5,345.4998,1 441.4998,349.5,536.4996,438.4998,1 359.5002,408.4998,454.5,497.4996,1 261.4998,412.5,356.4996,501.4998,1
data/rot_images/201908_10470774_19-S02012_2000826_1564571676575_0.jpg 282.0,228.0,535.9998,295.9998,0 486.4998,286.5,599.4996,387.4998,1 459.4998,385.5,572.4996,486.4998,1 370.50000000000006,448.50000000000006,483.49980000000005,549.4998,1 252.4998,451.49999999999994,365.4996,552.4997999999999,1
data/rot_images/201908_10470775_19-S02012_2000829_1564571751371_0.jpg 260.5002,197.5002,521.5002,262.5,0 441.0,274.0002,535.0002,376.0002,1 421.9998,372.0,523.9998,472.0002,1 340.5,441.0,449.5002,543.0,1 222.0,441.0,337.9998,553.0002,1
data/rot_images/201908_10470776_19-S02012_2000831_1564571777065_0.jpg 271.5,198.4998,584.5002,273.4998,0 476.50019999999995,281.5002,589.5,378.5004,1 443.5002,373.50000000000006,556.5,470.50020000000006,1 340.5,432.4998,465.4998,529.5,1 205.50000000000003,429.0,338.50020000000006,531.0,1
data/rot_images/201908_10470778_19-S02012_2000830_1564571805600_0.jpg 277.0002,240.0,499.0002,316.0002,0 467.5002,310.5,586.5,419.5002,1 458.5002,424.5,577.5,533.5002,1 271.5,495.49980000000005,374.5002,602.4996000000001,1 378.0,492.4998,481.9998,587.4996,1
data/rot_images/201908_10470779_19-S02012_2000833_1564571829395_0.jpg 274.0002,205.50000000000003,540.0,268.5,0 467.5002,289.9998,584.5002,387.9996,1 436.5,388.99980000000005,553.5,486.99960000000004,1 337.5,445.9998,454.5,543.9996,1 214.5,435.0,337.5,538.9998,1
data/rot_images/201908_10470780_19-S02012_2000832_1564571842173_0.jpg 277.9998,205.50000000000003,561.9996,274.5,0 490.0002,281.5002,604.0002,384.5004,1 460.0002,390.4998,574.0002,493.5,1 363.0,453.4998,477.0,556.5,1 249.0,448.50000000000006,363.0,551.5002000000001,1
data/rot_images/201908_10470781_19-S02012_2000835_1564571856882_0.jpg 280.5,198.4998,527.5002,275.4996,0 454.49999999999994,302.5002,555.4997999999999,417.5004,1 442.9998,421.5,546.9996,548.5002,1 357.0,506.5002,460.9998,637.5,1 241.50000000000003,508.5,360.49980000000005,651.4998,1
data/rot_images/201908_10470782_19-S02012_2000834_1564571869946_0.jpg 310.99980000000005,234.0,538.9998,306.0,0 478.5,314.5002,575.5002,405.5004,1 442.5,401.50019999999995,539.5002,492.50039999999996,1 355.5,452.5002,452.5002,543.5004,1 258.4998,440.5002,355.5,531.5004,1
data/rot_images/201908_10470783_19-S02012_2000837_1564571886650_0.jpg 249.4998,210.4998,500.4996,271.5,0 433.9998,288.4998,534.0,379.5,1 413.99999999999994,382.5,514.0002,473.5002,1 333.00000000000006,432.4998,433.00020000000006,523.5,1 219.0,427.9998,325.0002,528.0,1
data/rot_images/201908_10470784_19-S02012_2000836_1564571902055_0.jpg 277.9998,204.00000000000003,582.0,271.99980000000005,0 511.9998,280.9998,637.9998,384.9996,1 480.0,382.99980000000005,606.0,486.99960000000004,1 379.0002,447.0,505.0002,550.9998,1 247.9998,439.00019999999995,373.9998,543.0,1
data/rot_images/201908_10470786_19-S02012_2000838_1564571935342_0.jpg 273.0,199.0002,513.0,249.0,0 455.5002,270.4998,562.5,367.5,1 425.5002,368.5002,532.5,465.5004,1 349.5,426.49980000000005,456.4998,523.5,1 242.5002,429.49980000000005,349.5,526.5,1
data/rot_images/201908_10470787_19-S02012_2104325_1564572004004_0.jpg 270.0,217.99980000000002,562.0002,276.0,0 463.99980000000005,295.5,567.9996000000001,386.5002,1 436.5,384.4998,547.5,477.4998,1 339.4998,437.5002,450.4998,530.5002,1 217.5,434.5002,342.4998,525.5004,1
data/rot_images/201908_10470788_19-S02012_2080158_1564572024452_0.jpg 268.9998,231.4998,448.9998,280.5,0 422.5002,301.9998,503.5002,378.0,1 410.5002,376.9998,491.5002,453.0,1 349.5,415.9998,430.5,492.0,1 266.5002,402.0,347.5002,478.0002,1
data/rot_images/201908_10470789_19-S02012_2030913_1564617255207_0.jpg 276.0,226.9998,514.0002,291.0,0 468.0,315.0,576.0,421.0002,1 444.0,423.0,552.0,529.0002,1 355.0002,493.0002,463.0002,599.0004,1 244.0002,488.99999999999994,352.0002,595.0002,1
data/rot_images/201908_10470790_19-S02012_2032075_1564617276748_0.jpg 307.99980000000005,206.99999999999997,507.99960000000004,280.99979999999994,0 436.5,299.5002,523.5,378.5004,1 396.4998,369.4998,483.4998,448.5,1 315.4998,399.4998,402.4998,478.5,1 229.5,374.5002,316.5,453.5004,1
data/rot_images/201908_10470791_19-S02012_2030869_1564617324783_0.jpg 285.4998,195.0,500.4996,261.0,0 432.0,284.5002,520.0002,367.5,1 402.0,362.5002,490.0002,445.5,1 322.9998,403.5,411.0,486.4998,1 226.9998,387.4998,315.0,470.4996,1
data/rot_images/201908_10470792_19-S02012_2030871_1564617351135_0.jpg 282.0,223.0002,514.0002,289.0002,0 457.0002,277.0002,553.0002,363.0,1 438.0,367.9998,534.0,453.9996,1 358.00019999999995,426.0,454.00019999999995,511.9998,1 259.9998,424.9998,355.9998,510.9996,1
data/rot_images/201908_10470793_19-S02012_2030920_1564617340215_0.jpg 289.0002,223.0002,531.0,287.0004,0 449.5002,295.9998,536.5002,381.9996,1 429.49980000000005,382.99980000000005,516.4998,468.99960000000004,1 349.0002,434.5002,443.0004,525.5004,1 247.0002,432.0,347.0004,532.0002,1
data/rot_images/201908_10470794_19-S02012_2047565_1564617377451_0.jpg 286.5,206.5002,541.5,265.5,0 477.4998,268.9998,590.4996,364.9998,1 457.5,367.00019999999995,570.4998,463.00019999999995,1 370.50000000000006,424.9998,483.49980000000005,520.9998,1 262.9998,426.49980000000005,366.9996,521.4996000000001,1
data/rot_images/201908_10470795_19-S02012_2030872_1564617391366_0.jpg 292.5,212.5002,563.5002,275.5002,0 472.0002,288.0,570.0,376.0002,1 443.5002,379.0002,546.5004,471.0,1 352.5,433.9998,455.5002,525.9996,1 232.9998,430.5,346.9998,531.4998,1
data/rot_images/201908_10470796_19-S02012_2030964_1564617411364_0.jpg 290.5002,201.0,541.5,262.9998,0 478.9998,291.4998,582.9996,392.4996,1 445.9998,394.5,549.9996,495.4998,1 349.0002,453.4998,453.0,554.4996,1 244.0002,439.5,348.0,540.4998,1
data/rot_images/201908_10470797_19-S02012_2030868_1564617425197_0.jpg 264.0,217.99980000000002,534.0,267.99960000000004,0 459.4998,289.0002,574.5,377.0004,1 430.5,376.0002,545.5002,464.0004,1 328.9998,430.5,444.9996,519.4998,1 208.9998,427.5,324.9996,516.4998,1
data/rot_images/201908_10470798_19-S02012_2030867_1564617451614_0.jpg 271.9998,204.4998,555.9996,269.4996,0 487.9998,295.9998,603.9996,399.9996,1 447.0,400.0002,562.9998,504.0,1 340.9998,457.99980000000005,456.9996,561.9996000000001,1 223.0002,445.9998,339.0,549.9996,1
data/rot_images/201908_10470799_19-S02012_2034728_1564617652009_0.jpg 265.5,205.50000000000003,548.5002,262.5,0 487.5,292.5,614.5002,403.5,1 456.4998,403.5,583.5,514.5,1 347.5002,462.4998,474.5004,573.4998,1 219.49980000000002,451.49999999999994,346.5,562.5,1
data/rot_images/201908_10470800_19-S02012_2063452_1564617663603_0.jpg 282.0,205.0002,535.9998,281.0004,0 448.0002,291.4998,542.0004,386.4996,1 415.9998,384.4998,510.0,479.4996,1 330.4998,439.00019999999995,425.4996,535.0002,1 223.0002,433.00019999999995,329.0004,533.0003999999999,1
data/rot_images/201908_10470801_19-S02012_2034730_1564617688699_0.jpg 274.9998,206.5002,544.9998,261.5004,0 469.5,285.4998,584.5002,384.4998,1 438.4998,384.4998,553.5,483.4998,1 349.5,440.5002,464.5002,539.5002,1 219.49980000000002,437.5002,334.5,536.5002,1
data/rot_images/201908_10470802_19-S02012_2079812_1564617718828_0.jpg 277.0002,211.5,533.0004,270.4998,0
data/rot_images/201908_10470803_19-S02012_2034729_1564617706326_0.jpg 274.9998,217.99980000000002,526.9998,285.99960000000004,0 454.9998,309.0,562.9998,409.0002,1 423.0,406.0002,531.0,506.0004,1 322.0002,465.0,430.0002,565.0002,1 208.49999999999997,454.0002,321.49979999999994,558.0,1
data/rot_images/201908_10470804_19-S02012_2035255_1564617734036_0.jpg 278.5002,188.50019999999998,565.5,241.49999999999997,0 501.0,267.0,621.0,358.9998,1 469.9998,364.00019999999995,595.9998,454.00019999999995,1 361.00019999999995,422.5002,482.99999999999994,517.5,1 232.00019999999998,415.0002,360.0,509.0004,1
data/rot_images/201908_10470805_19-S02012_2039230_1564617751318_0.jpg 276.0,197.5002,552.0,258.5004,0 469.9998,280.0002,577.9998,372.0,1 442.9998,375.0,550.9998,466.9998,1 348.49980000000005,436.9998,463.50000000000006,540.9996,1 226.00019999999998,430.5,346.00019999999995,531.4998,1
data/rot_images/201908_10470806_19-S02012_2075179_1564617765172_0.jpg 287.5002,216.49980000000002,528.5004,273.49980000000005,0 467.5002,277.0002,570.5004,379.0002,1 445.50000000000006,376.0002,548.5002000000001,478.0002,1 369.4998,436.00019999999995,472.5,538.0002,1 263.5002,436.9998,366.5004,538.9998,1
data/rot_images/201908_10470807_19-S02012_2035370_1564617783027_0.jpg 265.5,222.0,564.4998,276.0,0 479.50019999999995,301.0002,598.5,399.0,1 447.4998,398.50019999999995,570.4997999999999,491.50019999999995,1 347.5002,454.49999999999994,470.5002,547.5,1 217.0002,451.9998,341.0004,553.9998,1
data/rot_images/201908_10470808_19-S02012_2035256_1564617795908_0.jpg 280.0002,211.9998,558.0,279.9996,0 475.0002,291.4998,583.0002,376.5,1 439.9998,377.5002,547.9998,462.5004,1 345.0,432.0,457.0002,522.0,1 225.0,421.5,343.0002,508.5,1
data/rot_images/201908_10470809_19-S02012_2031384_1564617843143_0.jpg 280.9998,193.9998,532.9998,246.0,0 475.5,280.0002,586.5,380.0004,1 445.50000000000006,382.99980000000005,556.5,483.00000000000006,1 348.49980000000005,442.9998,459.49980000000005,543.0,1 235.5,433.9998,346.5,534.0,1
data/rot_images/201908_10470811_19-S02012_2031927_1564617882287_0.jpg 278.5002,185.5002,561.5004,242.5002,0 480.0,272.5002,594.0,365.5002,1 455.5002,373.50000000000006,570.5004,474.49980000000005,1 363.0,436.9998,477.0,543.0,1 235.0002,429.49980000000005,359.0004,536.4996000000001,1
data/rot_images/201908_10470812_19-S02012_2033049_1564617920796_0.jpg 302.5002,202.5,521.5002,261.4998,0 483.4998,265.9998,588.4998,361.9998,1 457.5,364.00019999999995,562.5,460.00019999999995,1 376.0002,415.5,472.0002,500.5002,1 277.0002,409.5,373.0002,494.5002,1
data/rot_images/201908_10470813_19-S02012_2032063_1564617898458_0.jpg 274.0002,230.50019999999998,528.0,297.5004,0 463.5,321.4998,572.5002,430.5,1 439.5,430.9998,546.4998,540.9996,1 343.5,499.9998,450.4998,609.9996,1 223.99980000000002,496.5,339.99960000000004,607.5,1
data/rot_images/201908_10470814_19-S02012_2027519_1564617936826_0.jpg 273.4998,214.0002,554.4996,264.0,0 481.9998,285.4998,606.0,378.4998,1 445.0002,381.4998,569.0004,474.4998,1 343.5,432.4998,460.5,521.4996,1 223.5,425.5002,340.5,514.5,1
data/rot_images/201908_10470815_19-S02012_2031990_1564617955661_0.jpg 277.9998,234.4998,555.9996,285.4998,0 473.50019999999995,325.9998,586.5,426.0,1 438.4998,427.0002,551.4996,527.0004,1 333.4998,485.5002,454.5,586.5,1 211.5,472.5,332.5002,571.5,1
data/rot_images/201908_10470816_19-S02012_2031969_1564617969087_0.jpg 288.4998,202.9998,545.4996,256.9998,0 483.00000000000006,286.9998,601.0002000000001,387.0,1 448.9998,384.0,567.0,484.0002,1 357.0,439.00019999999995,465.0,533.0003999999999,1 241.9998,430.9998,349.9998,525.0,1
data/rot_images/201908_10470817_19-S02012_2031970_1564617988322_0.jpg 280.0002,200.5002,522.0,253.5,0 466.0002,274.5,574.0002,363.4998,1 445.0002,362.5002,553.0002,451.5,1 355.9998,425.5002,462.0,520.5,1 238.5,423.0,355.5,520.9998,1
data/rot_images/201908_10470818_19-S02012_2032239_1564618009342_0.jpg 275.5002,210.4998,538.5,271.5,0 479.50019999999995,283.9998,586.5,379.9998,1 451.9998,385.99980000000005,561.9996,487.99980000000005,1 357.0,447.0,466.9998,549.0,1 241.9998,445.0002,351.9996,547.0002000000001,1
data/rot_images/201908_10470819_19-S02012_2037634_1564618184831_0.jpg 269.5002,210.4998,548.5002,275.4996,0 478.9998,297.0,603.0,393.0,1 442.9998,393.4998,568.9998,492.4998,1 334.0002,444.4998,460.0002,543.4998,1 217.99980000000002,430.5,333.99960000000004,529.5,1
data/rot_images/201908_10470820_19-S02012_2045929_1564618196323_0.jpg 250.9998,232.00019999999998,507.0,284.00039999999996,0 438.4998,298.9998,541.5,378.9996,1 421.5,379.9998,524.5002,459.9996,1 336.4998,430.9998,439.5,510.9996,1 226.5,427.0002,329.5002,509.0004,1
data/rot_images/201908_10470821_19-S02012_2031634_1564618213984_0.jpg 267.4998,208.0002,494.4996,268.0002,0 435.4998,291.4998,534.4998,390.4998,1 412.5,392.5002,511.5,491.5002,1 335.5002,457.5,434.5002,556.5,1 229.9998,457.99980000000005,330.0,567.9996000000001,1
data/rot_images/201908_10470822_19-S02012_2029011_1564618236018_0.jpg 259.9998,202.0002,537.9996,268.0002,0 474.4998,295.0002,593.4996,409.0002,1 443.5002,408.00000000000006,562.5,522.0,1 344.5002,472.0002,463.5,586.0002,1 223.5,469.0002,342.4998,583.0002,1
data/rot_images/201908_10470823_19-S02012_2022597_1564618226990_0.jpg 268.0002,226.5,518.0004,283.5,0 454.49999999999994,313.5,563.5002,404.5002,1 423.49980000000005,408.00000000000006,528.4998,508.00020000000006,1 334.5,460.99980000000005,439.5,561.0,1 220.5,451.0002,325.5,551.0004,1
data/rot_images/201908_10470824_19-S02012_2031715_1564618247563_0.jpg 304.49999999999994,205.50000000000003,521.5002,278.5002,0 454.49999999999994,292.0002,551.5002,382.0002,1 420.49980000000005,382.0002,517.5,472.0002,1 331.5,424.0002,428.5002,514.0002,1 238.5,403.9998,335.5002,493.9998,1
data/rot_images/201908_10470825_19-S02012_2022919_1564618264686_0.jpg 298.9998,211.5,562.9998,274.5,0 490.9998,293.5002,600.9996,398.5002,1 463.99980000000005,397.5,573.9996000000001,502.5,1 370.9998,459.4998,480.9996,564.4998,1 256.9998,454.49999999999994,366.9996,559.5,1
data/rot_images/201908_10470826_19-S02012_2045928_1564618277902_0.jpg 286.9998,191.50019999999998,528.9996,254.50019999999998,0 476.50019999999995,271.9998,585.5003999999999,372.0,1 449.5002,373.0002,558.5004,473.0004,1 366.4998,435.0,475.5,535.0002,1 254.5002,433.00019999999995,363.5004,533.0003999999999,1
data/rot_images/201908_10470827_19-S02012_2047414_1564618293336_0.jpg 276.4998,217.0002,513.4998,287.0004,0 430.5,304.0002,523.5,392.0004,1 396.4998,384.0,489.4998,472.0002,1 310.5,427.0002,403.5,515.0004,1 217.5,412.0002,310.5,500.0004,1
data/rot_images/201908_10470828_19-S02012_2039757_1564618307137_0.jpg 270.4998,197.5002,549.4998,268.5,0 478.5,265.5,601.5,370.5,1 444.4998,372.4998,567.4997999999999,477.4998,1 337.5,429.49980000000005,460.5,534.4998,1 217.99980000000002,419.5002,330.0,526.5,1
data/rot_images/201908_10470831_19-S02012_2000979_1564616736294_0.jpg 258.4998,240.4998,485.4996,311.4996,0
data/rot_images/201908_10470834_19-S02012_2000982_1564616799755_0.jpg 280.0002,192.0,458.0004,232.0002,0
data/rot_images/201908_10470835_19-S02012_2000983_1564616824851_0.jpg 289.5,205.0002,566.5002,263.0004,0 247.0002,409.5,363.0,492.4998,1
data/rot_images/201908_10470839_19-S02012_2000987_1564616934847_0.jpg 267.4998,201.4998,538.5,264.4998,0
data/rot_images/201908_10470841_19-S02012_2000989_1564616973611_0.jpg 297.0,202.9998,489.0,246.9996,0
data/rot_images/201908_10470842_19-S02012_2000990_1564617009057_0.jpg 273.4998,211.0002,552.4998,269.0004,0 481.0002,289.0002,593.0004,389.0004,1 445.9998,382.0002,558.0,482.0004,1 338.99999999999994,436.9998,451.00019999999995,537.0,1 220.0002,436.9998,336.0,537.0,1
data/rot_images/201908_10470845_19-S02012_2000993_1564617136189_0.jpg 280.9998,168.00000000000003,483.0,229.99980000000002,0 434.5002,260.5002,529.5,383.5002,1 416.5002,388.5,511.5,511.5,1 341.5002,473.50019999999995,436.5,596.5002,1 245.5002,477.4998,340.5,600.4997999999999,1
data/rot_images/201908_10470846_19-S02012_2028135_1564618462457_0.jpg 269.5002,232.00019999999998,484.5,286.00019999999995,0 433.5,310.0002,522.4998,394.0002,1 404.50019999999995,388.0002,493.49999999999994,472.0002,1 325.5,435.0,414.4998,519.0,1 226.5,423.0,315.4998,507.0,1
data/rot_images/201908_10470847_19-S02012_2028136_1564618492616_0.jpg 291.4998,205.50000000000003,532.5,268.5,0 474.4998,284.5002,569.4996,375.5004,1 437.5002,371.5002,532.5,462.5004,1 347.5002,421.5,442.5,512.5002,1 244.49999999999997,403.5,339.4998,494.5002,1
data/rot_images/201908_10470849_19-S02012_2028138_1564618532977_0.jpg 267.0,169.49999999999997,513.0,240.49979999999996,0 453.4998,258.0,552.4998,361.9998,1 423.49980000000005,364.00019999999995,522.4998,467.99999999999994,1 339.4998,420.0,438.4998,523.9998,1 236.5002,409.0002,335.5002,513.0,1
data/rot_images/201908_10470850_19-S02012_2028139_1564618554357_0.jpg 286.0002,182.5002,542.0004,251.5002,0 462.4998,283.5,559.5,390.4998,1 424.9998,385.0002,531.0,495.0,1 325.9998,432.0,432.0,541.9998,1 214.9998,413.99999999999994,321.0,523.9997999999999,1
data/rot_images/201908_10470851_19-S02012_2028140_1564618604270_0.jpg 264.4998,207.4998,503.4996,266.4996,0 465.4998,286.0002,580.5,386.0004,1 439.5,385.0002,554.5002,485.0004,1 343.5,433.00019999999995,458.5002,533.0003999999999,1 228.4998,421.0002,343.5,521.0004,1
data/rot_images/201908_10470852_19-S02012_2028141_1564618622897_0.jpg 271.0002,217.0002,539.0004,279.0,0 475.9998,301.0002,583.9998,405.0,1 444.0,412.9998,552.0,516.9996,1 352.0002,472.0002,460.0002,576.0,1 229.9998,467.5002,345.9996,574.5,1
data/rot_images/201908_10470853_19-S02012_2028142_1564618643741_0.jpg 267.0,196.00019999999998,507.0,256.00019999999995,0 463.99980000000005,268.9998,570.0,370.9998,1 438.0,370.9998,544.0002,472.9998,1 346.0002,430.9998,452.0004,532.9998,1 238.9998,433.9998,345.0,535.9998,1
data/rot_images/201908_10470854_19-S02012_2028143_1564618659176_0.jpg 283.0002,256.5,575.0004,337.5,0 480.0,352.9998,594.0,466.9998,1 448.9998,462.0,562.9998,576.0,1 349.0002,528.0,463.0002,642.0,1 226.00019999999998,525.0,340.00019999999995,639.0,1
data/rot_images/201908_10470855_19-S02012_2028144_1564618675056_0.jpg 274.5,193.9998,513.4998,253.9998,0 465.0,266.5002,571.0002,369.5004,1 436.00019999999995,367.5,542.0003999999999,470.5002,1 352.9998,433.5,459.0,536.5002,1 250.0002,424.5,356.0004,527.5002,1
data/rot_images/201908_10470856_19-S02012_2028145_1564618692881_0.jpg 283.0002,201.0,535.0002,268.9998,0 463.99980000000005,294.4998,573.9996000000001,399.4998,1 436.00019999999995,404.50019999999995,546.0,509.50019999999995,1 340.0002,466.0002,448.0002,582.0,1 223.0002,454.0002,331.0002,570.0,1
data/rot_images/201908_10470857_19-S02012_2028146_1564618706547_0.jpg 292.5,212.5002,547.5,273.5004,0 474.4998,283.9998,579.4998,381.9996,1 446.5002,380.5002,547.5,471.5004,1 358.5,433.00019999999995,457.5,525.0,1 250.0002,429.0,354.0,523.0002,1
data/rot_images/201908_10470858_19-S02012_2028147_1564618734117_0.jpg 265.9998,235.9998,507.9996,300.0,0 442.00019999999995,317.5002,538.0002,414.5004,1
data/rot_images/201908_10470859_19-S02012_2028148_1564618722481_0.jpg 280.5,198.0,559.5,258.0,0 508.00019999999995,277.9998,634.0002,384.0,1 472.9998,388.99980000000005,598.9998,495.00000000000006,1 363.0,444.0,489.0,550.0002,1 232.00019999999998,438.0,358.00019999999995,544.0002,1
data/rot_images/201908_10470860_19-S02012_2028149_1564618746169_0.jpg 282.0,227.50019999999998,540.0,296.50019999999995,0 463.99980000000005,316.5,564.0,425.5002,1 430.0002,422.5002,530.0004,531.5004,1 345.0,485.5002,445.0002,594.5004,1 231.0,480.4998,337.0002,583.5,1
data/rot_images/201908_10470861_19-S02012_2028069_1564618973164_0.jpg 262.5,199.5,517.5,256.5,0
data/rot_images/201908_10470866_19-S02012_2028074_1564619170614_0.jpg 321.4998,225.0,514.5,292.9998,0
data/rot_images/201908_10470868_19-S02012_2028119_1564619533179_0.jpg 271.9998,204.4998,525.9996,265.5,0 474.0,293.5002,589.9998,400.5,1 441.0,401.50019999999995,556.9998,508.49999999999994,1 341.99999999999994,461.5002,457.99979999999994,568.5,1 222.0,448.50000000000006,337.9998,555.4998,1
data/rot_images/201908_10470869_19-S02012_2028120_1564619558484_0.jpg 279.4998,189.4998,548.4996,238.5,0 496.5,274.0002,611.5002,378.0,1 458.5002,382.0002,573.5004,486.0,1 360.4998,430.9998,475.5,534.9996,1 234.4998,429.0,349.5,532.9998,1
data/rot_images/201908_10470871_19-S02012_2028122_1564619592975_0.jpg 274.0002,217.5,536.0004,280.5,0 471.0,295.9998,580.9998,396.0,1 436.9998,394.9998,546.9996,495.0,1 340.0002,451.9998,450.0,552.0,1 226.9998,442.9998,336.9996,543.0,1
data/rot_images/201908_10470872_19-S02012_2028123_1564619268566_0.jpg 288.0,241.50000000000003,586.0002,318.49980000000005,0
data/rot_images/201908_10470873_19-S02012_2028124_1564619280368_0.jpg 266.5002,222.0,507.5004,292.0002,0 433.9998,303.4998,529.9998,394.5,1 403.0002,391.5,499.0002,482.5002,1 316.0002,444.4998,414.0,539.4996,1 214.9998,432.4998,312.9996,527.4996,1
data/rot_images/201908_10470874_19-S02012_2028125_1564619294763_0.jpg 274.5,202.0002,541.5,258.0,0 478.9998,273.0,592.9998,367.0002,1 450.0,372.0,564.0,466.0002,1 351.0,429.0,465.0,523.0002,1 232.9998,426.0,346.9998,520.0002,1
data/rot_images/201908_10470875_19-S02012_2028126_1564619306821_0.jpg 272.5002,233.50019999999998,545.5002,290.50019999999995,0 460.5,309.0,563.5002,400.9998,1 432.4998,403.9998,535.5,495.9996,1 340.9998,466.0002,448.9998,560.0004,1 222.49980000000002,467.5002,337.5,570.5004,1
data/rot_images/201908_10470876_19-S02012_2028127_1564619321725_0.jpg 285.4998,192.0,536.4996,259.9998,0 487.5,279.0,614.5002,388.9998,1 453.0,391.99980000000005,559.0002,501.99960000000004,1 361.00019999999995,453.0,467.00039999999996,562.9998,1 250.9998,444.0,357.0,553.9998,1
data/rot_images/201908_10470877_19-S02012_2028128_1564619337185_0.jpg 292.5,229.00019999999998,559.5,305.0004,0 486.00000000000006,328.9998,595.9998,438.9996,1 460.5,447.4998,571.5,566.4996,1 362.5002,514.5,473.5002,633.4998,1 242.5002,509.5002,353.5002,628.5,1
data/rot_images/201908_10470878_19-S02012_2028129_1564619355574_0.jpg 281.5002,208.9998,562.5,262.9998,0 483.00000000000006,280.9998,601.0002000000001,378.9996,1 448.9998,372.0,567.0,469.9998,1 351.49980000000005,427.0002,464.49960000000004,521.0004,1 231.4998,423.0,344.4996,517.0002,1
data/rot_images/201908_10470879_19-S02012_2028130_1564619370268_0.jpg 253.5,207.4998,532.5,266.4996,0 459.4998,290.5002,578.4996,389.5002,1 428.5002,386.5002,547.5,485.5002,1 330.4998,452.5002,449.4996,551.5002,1 209.5002,445.50000000000006,328.5,544.5,1
data/rot_images/201908_10470880_19-S02012_2028131_1564619386402_0.jpg 283.5,216.0,536.5002,280.0002,0 468.0,274.9998,565.9998,358.9998,1 250.9998,423.49980000000005,354.9996,522.4998,1
data/rot_images/201908_10470881_19-S02012_2028132_1564619417637_0.jpg 313.99980000000005,212.5002,555.9996000000001,289.5,0 467.5002,301.0002,564.5004,395.0004,1 445.9998,399.4998,546.0,498.4998,1 366.0,463.99980000000005,462.0,567.9996000000001,1 259.5,460.0002,364.5,570.0,1
data/rot_images/201908_10470882_19-S02012_2028133_1564619406923_0.jpg 274.9998,206.5002,543.0,257.5002,0 490.5,281.5002,609.4998,392.5002,1 458.5002,388.5,577.5,499.5,1 358.9998,439.9998,471.0,541.9998,1 243.00000000000003,427.9998,355.00020000000006,529.9998,1
data/rot_images/201908_10470883_19-S02012_2028134_1564619434897_0.jpg 274.5,224.5002,513.4998,293.5002,0 445.9998,314.5002,546.0,399.5004,1 409.0002,396.4998,509.0004,481.5,1 321.0,440.5002,421.0002,525.5004,1 214.9998,426.0,318.9996,517.9998,1
data/rot_images/201908_10470884_19-S02012_2028085_1564619735854_0.jpg 289.0002,221.5002,479.0004,266.5002,0 424.0002,283.0002,504.0,369.0,1 393.0,370.9998,472.9998,456.9996,1 316.0002,421.0002,396.0,507.0,1 231.0,424.0002,310.9998,510.0,1
data/rot_images/201908_10470885_19-S02012_2028086_1564619750415_0.jpg 295.5,207.4998,506.5002,266.4996,0 466.99980000000005,295.9998,576.9996000000001,408.0,1 436.9998,406.9998,546.9996,519.0,1 343.9998,468.0,453.9996,580.0002,1 237.0,454.0002,346.9998,566.0004,1
data/rot_images/201908_10470886_19-S02012_2028087_1564619768649_0.jpg 283.5,244.49999999999997,510.4998,297.49979999999994,0 427.9998,303.0,510.0,382.9998,1 403.0002,382.99980000000005,485.0004,462.99960000000004,1 330.0,439.9998,412.0002,519.9996,1 239.5002,442.9998,332.5002,532.9998,1
data/rot_images/201908_10470889_19-S02012_2028090_1564619824343_0.jpg 298.5,213.4998,515.5002,266.4996,0 475.9998,295.0002,576.0,383.0004,1 450.0,379.0002,550.0002,467.0004,1 366.0,427.9998,466.0002,516.0,1 262.0002,415.0002,362.0004,503.0004,1
data/rot_images/201908_10470891_19-S02012_2028092_1564619853623_0.jpg 282.4998,236.5002,477.4998,291.5004,0 431.5002,312.4998,512.5002,389.4996,1 411.4998,386.5002,492.4998,463.5,1 347.5002,426.49980000000005,428.5002,503.49960000000004,1 261.4998,411.4998,342.4998,488.4996,1
data/rot_images/201908_10470892_19-S02012_2028093_1564619872947_0.jpg 292.5,232.00019999999998,483.4998,286.00019999999995,0 429.49980000000005,299.5002,508.50000000000006,374.5002,1 411.4998,369.4998,490.5,444.4998,1 346.5,406.5,425.5002,481.5,1 267.4998,391.5,346.5,466.5,1
data/rot_images/201908_10470893_19-S02012_2028094_1564619898810_0.jpg 286.0002,235.5,460.0002,284.5002,0 424.5,310.99980000000005,511.5,382.99980000000005,1 407.5002,379.9998,494.5002,451.9998,1 339.4998,415.0002,426.4998,487.0002,1 255.49980000000002,400.9998,342.49980000000005,472.9998,1
data/rot_images/201908_10470894_19-S02012_2028095_1564619989550_0.jpg 271.0002,238.0002,481.0002,286.0002,1 416.5002,303.0,493.5,373.0002,1 398.50019999999995,373.9998,475.49999999999994,444.0,1 336.4998,421.0002,413.4996,491.0004,1 247.9998,416.99999999999994,331.9998,493.00019999999995,1
data/rot_images/201908_10470895_19-S02012_2028096_1564620005073_0.jpg 281.5002,225.4998,520.5,284.4996,0 460.5,296.5002,557.5002,381.5004,1 434.5002,382.0002,533.5002,470.0004,1 352.5,430.9998,451.5,519.0,1 245.5002,426.0,344.5002,514.0002,1
data/rot_images/201908_10470896_19-S02012_2028097_1564620019861_0.jpg 277.9998,217.0002,513.9996,283.0002,0 444.0,298.5,546.0,385.5,1 412.0002,383.5002,514.0002000000001,470.5002,1 328.9998,438.4998,430.9998,525.4998,1 222.0,423.49980000000005,324.0,528.4998,1
data/rot_images/201908_10470897_19-S02012_2028098_1564620036973_0.jpg 271.5,202.0002,486.4998,256.0002,0 444.0,270.4998,540.0,359.4996,1 424.9998,359.5002,520.9998,448.5,1 346.9998,413.5002,442.9998,500.5002,1 247.0002,403.5,343.0002,490.5,1
data/rot_images/201908_10470898_19-S02012_2028099_1564620054260_0.jpg 245.5002,254.5002,498.5004,309.5004,0 437.5002,327.4998,534.5004,416.4996,1 412.5,412.5,509.5002,501.4998,1 326.50019999999995,468.4998,423.50039999999996,557.4996,1 220.99980000000002,462.4998,322.99980000000005,551.4996,1
data/rot_images/201908_10470899_19-S02012_2028100_1564620067224_0.jpg 276.0,217.99980000000002,487.9998,264.0,0 443.5002,291.4998,538.5,368.4996,1 423.49980000000005,373.50000000000006,518.4996000000001,458.50020000000006,1 346.5,417.4998,441.4998,502.5,1 246.4998,403.5,335.4996,486.4998,1
data/rot_images/201908_10470900_19-S02012_2028101_1564620083157_0.jpg 253.5,249.4998,524.5002,324.4998,0 446.5002,328.0002,551.5002,424.0002,1 420.0,426.0,532.0002,528.0,1 325.0002,486.00000000000006,437.0004,588.0000000000001,1 213.0,478.0002,325.0002,580.0002000000001,1
data/rot_images/201908_10470902_19-S02012_2028103_1564620111876_0.jpg 267.4998,235.0002,474.49979999999994,293.0004,0 403.5,308.5002,474.4998,385.5,1 381.4998,381.0,458.4996,457.0002,1 311.5002,426.49980000000005,390.5004,509.49960000000004,1 224.5002,418.9998,311.5002,504.9996,1
data/rot_images/201908_10470903_19-S02012_2028104_1564620129314_0.jpg 262.0002,211.5,460.0002,264.4998,0 422.5002,274.9998,519.5004,360.9996,1 404.50019999999995,357.0,501.50039999999996,442.9998,1 331.9998,409.5,423.9996,496.5,1 241.50000000000003,398.50019999999995,326.5002,481.49999999999994,1
data/rot_images/201908_10470904_19-S02012_2028105_1564620144931_0.jpg 251.5002,188.50019999999998,524.5002,245.50019999999998,0 468.0,262.9998,586.0002,364.9998,1 447.0,364.00019999999995,565.0002,466.00019999999995,1 352.9998,430.9998,471.0,532.9998,1 226.00019999999998,426.0,344.0004,528.0,1
data/rot_images/201908_10470905_19-S02012_2028106_1564620168375_0.jpg 261.4998,226.00019999999998,512.4996,280.00019999999995,0 470.50019999999995,302.5002,583.5,399.5004,1 449.5002,396.4998,562.5,493.5,1 361.00019999999995,444.0,467.00039999999996,538.0002,1 247.0002,432.0,353.0004,526.0002,1
data/rot_images/201908_10470906_19-S02012_2028107_1564620253057_0.jpg 264.0,204.4998,564.0,263.4996,0 499.0002,280.0002,625.0002,376.0002,1 468.0,379.0002,594.0,475.0002,1 358.00019999999995,435.4998,476.00039999999996,532.5,1 235.0002,427.5,353.0004,524.5002,1
data/rot_images/201908_10470907_19-S02012_2028108_1564620272187_0.jpg 267.4998,226.9998,492.4998,291.0,0 429.49980000000005,311.5002,524.4996000000001,398.5002,1 404.50019999999995,400.5,499.49999999999994,487.5,1 322.5,451.49999999999994,417.4998,538.5,1 224.5002,443.5002,319.5,530.5002,1
data/rot_images/201908_10470908_19-S02012_2028109_1564620286185_0.jpg 281.5002,202.0002,550.5,270.0,0 481.0002,280.5,591.0,377.5002,1 454.9998,381.4998,564.9996,478.5,1 361.9998,442.5,471.9996,539.5002,1 241.9998,437.5002,351.9996,534.5004,1
data/rot_images/201908_10470909_19-S02012_2028110_1564620301625_0.jpg 247.0002,238.5,493.00019999999995,293.5002,0 426.0,299.5002,520.0002,376.5,1 411.4998,379.49999999999994,512.4996,458.50019999999995,1 333.4998,430.5,438.4998,517.5,1 229.5,429.49980000000005,334.5,516.4998,1
data/rot_images/201908_10470910_19-S02012_2028111_1564620316140_0.jpg 281.5002,171.4998,530.5002,230.4996,0 474.0,259.5,583.9998,360.4998,1 441.0,358.5,550.9998,459.4998,1 351.0,420.49980000000005,460.9998,521.4996000000001,1 229.9998,413.5002,339.9996,514.5,1
data/rot_images/201908_10470911_19-S02012_2028112_1564620328018_0.jpg 259.9998,214.5,531.9996,275.5002,0 457.99980000000005,292.9998,565.9998,393.0,1 423.0,393.0,531.0,493.0002,1 322.0002,450.0,430.0002,550.0002,1 199.5,442.5,316.5,545.5002,1
data/rot_images/201908_10470912_19-S02012_2028113_1564620343129_0.jpg 269.5002,217.99980000000002,514.5,279.9996,0 463.99980000000005,287.5002,576.0,380.5002,1 430.0002,380.5002,542.0004,473.5002,1 328.0002,427.5,440.0004,520.5,1 216.0,416.99999999999994,319.9998,506.99999999999994,1
data/rot_images/201908_10470913_19-S02012_2028114_1564620354813_0.jpg 257.5002,222.49980000000002,552.5004,295.5,0 465.4998,306.0,578.4996,420.0,1 439.5,416.99999999999994,552.4998,531.0,1 336.4998,476.50019999999995,457.5,589.5,1 206.5002,473.50019999999995,327.5004,586.5,1
data/rot_images/201908_10470914_19-S02012_2028115_1564620367506_0.jpg 260.5002,206.5002,491.5002,267.5004,0 427.5,288.0,520.5,378.0,1 395.50019999999995,378.0,488.50019999999995,468.0,1 312.4998,427.9998,405.4998,517.9998,1 215.5002,420.0,308.5002,510.0,1
data/rot_images/201908_10470915_19-S02012_2028116_1564620396378_0.jpg 278.5002,235.0002,495.5004,295.0002,0 427.9998,322.0002,516.0,406.0002,1 399.4998,407.5002,492.4998,502.5,1 315.4998,446.5002,408.4998,541.5,1 219.49980000000002,426.49980000000005,312.49980000000005,521.4996000000001,1
data/rot_images/201908_10470916_19-S02012_2028117_1564620386360_0.jpg 277.0002,205.9998,541.0002,271.9998,0 481.0002,297.4998,591.0,404.4996,1 451.0002,405.4998,561.0,512.4996,1 357.0,470.50019999999995,466.9998,577.5,1 244.0002,462.4998,354.0,569.4996,1
