data/rot_images/201908_10470622_19-S02012_2000764_1564567176835_0.jpg 172,196,390,247,0 394,249,484,335,1 370,333,460,419,1 293,386,383,471,1 201,377,291,462,1
data/rot_images/201908_10470623_19-S02012_2000765_1564567190283_0.jpg 140,146,398,213,0 397,221,501,323,1 371,325,475,427,1 278,386,382,488,1 171,378,275,480,1
data/rot_images/201908_10470625_19-S02012_2000767_1564567289037_0.jpg 122,174,405,237,0 411,242,512,321,1 387,324,488,413,1 288,380,407,467,1 163,374,283,470,1
data/rot_images/201908_10470626_19-S02012_2073717_1564567649295_0.jpg 159,195,399,242,0 401,252,510,347,1 380,346,489,441,1 297,408,399,508,1 189,406,291,506,1
data/rot_images/201908_10470627_19-S02012_2000769_1564567384909_0.jpg 168,192,423,254,0 418,363,530,461,1 321,422,431,534,1 193,420,314,530,1
data/rot_images/201908_10470628_19-S02012_2000771_1564567402174_0.jpg 164,179,388,246,0 392,258,479,347,1 363,349,455,442,1 272,400,368,499,1 170,389,268,493,1
data/rot_images/201908_10470630_19-S02012_2000770_1564567435180_0.jpg 165,160,405,222,0 428,212,538,316,1 405,314,515,418,1 312,374,422,478,1 202,374,312,478,1
data/rot_images/201908_10470631_19-S02012_2000773_1564567454844_0.jpg 170,175,418,238,0 429,243,530,348,1 406,348,509,449,1 306,410,422,521,1 187,402,303,513,1
data/rot_images/201908_10470632_19-S02012_2000772_1564567475944_0.jpg 127,141,406,197,0 412,211,526,310,1 378,312,492,411,1 279,367,393,466,1 162,361,276,460,1
data/rot_images/201908_10470634_19-S02012_2000774_1564567510301_0.jpg 136,175,402,226,0 417,232,531,320,1 380,325,494,413,1 281,379,395,467,1 162,373,276,461,1
data/rot_images/201908_10470635_19-S02012_2000777_1564567523959_0.jpg 187,201,403,265,0 399,278,488,372,1 368,371,458,474,1 284,428,374,531,1 180,418,279,525,1
data/rot_images/201908_10470636_19-S02012_2000776_1564567538444_0.jpg 181,172,388,236,0 409,214,501,301,1 389,302,481,389,1 320,358,412,445,1 222,361,314,448,1
data/rot_images/201908_10470637_19-S02012_2000779_1564567555222_0.jpg 149,194,396,252,0 393,260,499,347,1 374,354,471,449,1 290,413,392,513,1 177,401,281,507,1
data/rot_images/201908_10470641_19-S02012_2000780_1564567722052_0.jpg 147,167,413,228,0 416,238,526,333,1 376,331,486,426,1 280,387,390,482,1 166,378,276,473,1
data/rot_images/201908_10470642_19-S02012_2000782_1564567735353_0.jpg 153,180,409,228,0 423,239,528,327,1 383,328,488,416,1 290,380,397,465,1 174,365,281,450,1
data/rot_images/201908_10470644_19-S02012_2000784_1564567765279_0.jpg 141,168,422,226,0 435,235,549,333,1 397,334,511,432,1 296,392,411,489,1 178,386,293,483,1
data/rot_images/201908_10470645_19-S02012_2000787_1564567813855_0.jpg 163,188,382,237,0 397,241,484,328,1 384,325,471,412,1 314,383,406,472,1 209,379,309,472,1
data/rot_images/201908_10470646_19-S02012_2000786_1564567826970_0.jpg 171,188,407,243,0 419,244,521,331,1 384,337,486,424,1 291,385,393,472,1 185,379,287,466,1
data/rot_images/201908_10470647_19-S02012_2000789_1564567878540_0.jpg 175,191,381,245,0 389,247,475,324,1 379,327,464,409,1 309,376,399,463,1 206,374,302,465,1
data/rot_images/201908_10470648_19-S02012_2000788_1564567889715_0.jpg 157,136,390,204,0 409,184,514,294,1 389,297,495,401,1 318,365,410,458,1 218,364,310,457,1
data/rot_images/201908_10470650_19-S02012_2000790_1564567923451_0.jpg 175,161,379,213,0 402,211,489,295,1 382,301,468,385,1 310,359,397,443,1 216,357,308,447,1
data/rot_images/201908_10470653_19-S02012_2000896_1564568166515_0.jpg 174,181,393,238,0 403,242,490,336,1 387,337,479,430,1 305,395,407,499,1 197,387,299,491,1
data/rot_images/201908_10470654_19-S02012_2000898_1564568182312_0.jpg 162,189,393,248,0 399,257,499,344,1 366,346,466,433,1 280,394,380,481,1 175,379,275,466,1
data/rot_images/201908_10470655_19-S02012_2000895_1564568199769_0.jpg 136,150,439,209,0 451,218,572,327,1 413,329,534,438,1 302,385,423,494,1 176,380,297,489,1
data/rot_images/201908_10470656_19-S02012_2000897_1564568210069_0.jpg 186,185,414,237,0 436,231,532,314,1 406,317,509,408,1 317,372,420,463,1 212,371,315,462,1
data/rot_images/201908_10470658_19-S02012_2000899_1564568235953_0.jpg 131,189,409,249,0 426,256,534,349,1 389,347,505,439,1 286,403,402,495,1 161,392,277,484,1
data/rot_images/201908_10470659_19-S02012_2000902_1564568259471_0.jpg 156,181,384,259,0 390,261,492,356,1 361,354,463,449,1 272,414,374,509,1 168,399,268,502,1
data/rot_images/201908_10470660_19-S02012_2000901_1564568272910_0.jpg 133,172,394,230,0 405,229,517,326,1 372,329,484,426,1 282,383,394,480,1 169,380,281,477,1
data/rot_images/201908_10470661_19-S02012_2000904_1564568291552_0.jpg 129,182,406,234,0 421,240,538,331,1 397,338,514,429,1 303,394,420,493,1 175,388,292,487,1
data/rot_images/201908_10470662_19-S02012_2000903_1564568308000_0.jpg 168,177,414,236,0 428,228,531,323,1 401,326,504,421,1 314,375,417,470,1 204,369,307,464,1
data/rot_images/201908_10470663_19-S02012_2000906_1564568321695_0.jpg 141,188,395,246,0 406,243,514,333,1 383,334,491,424,1 293,391,401,481,1 183,389,291,479,1
data/rot_images/201908_10470664_19-S02012_2000905_1564568338439_0.jpg 145,185,395,246,0 403,242,515,346,1 373,343,485,447,1 286,401,388,495,1 177,394,279,488,1
data/rot_images/201908_10470666_19-S02012_2000910_1564568432600_0.jpg 154,181,397,259,0 398,266,489,357,1 370,362,463,459,1 282,418,384,521,1 167,410,277,519,1
data/rot_images/201908_10470667_19-S02012_2000907_1564568445083_0.jpg 134,129,409,197,0 422,195,534,303,1 386,305,498,413,1 289,367,401,475,1 172,359,284,467,1
data/rot_images/201908_10470668_19-S02012_2000909_1564568456792_0.jpg 183,196,399,242,0 403,265,501,349,1 371,348,469,432,1 282,388,380,472,1 184,369,282,453,1
data/rot_images/201908_10470669_19-S02012_2000912_1564568470540_0.jpg 171,202,401,283,0 397,293,491,387,1 368,391,462,485,1 276,446,372,554,1 168,435,272,543,1
data/rot_images/201908_10470670_19-S02012_2000911_1564568486514_0.jpg 191,181,415,244,0 412,253,505,339,1 381,342,474,428,1 298,386,391,472,1 202,373,295,459,1
data/rot_images/201908_10470672_19-S02012_2000913_1564568519656_0.jpg 139,197,403,249,0 413,259,537,349,1 380,350,504,440,1 284,398,393,492,1 167,383,276,477,1
data/rot_images/201908_10470673_19-S02012_2000916_1564568532304_0.jpg 127,178,391,238,0 391,243,496,337,1 364,341,469,435,1 265,400,378,499,1 150,394,263,493,1
data/rot_images/201908_10470674_19-S02012_2000915_1564568547699_0.jpg 181,191,412,256,0 422,266,520,349,1 384,351,482,434,1 301,393,399,476,1 199,380,297,463,1
data/rot_images/201908_10470675_19-S02012_2000918_1564568563872_0.jpg 187,199,405,269,0 398,272,481,360,1 372,358,460,448,1 297,415,385,505,1 196,405,291,502,1
data/rot_images/201908_10470676_19-S02012_2000917_1564568578171_0.jpg 141,176,405,230,0 425,234,543,336,1 392,338,510,440,1 297,391,410,488,1 173,377,291,479,1
data/rot_images/201908_10470677_19-S02012_2140019_1564568799147_0.jpg 216,159,399,228,0 402,247,497,344,1 374,353,469,450,1 288,398,383,495,1
data/rot_images/201908_10470681_19-S02012_2000874_1564569009823_0.jpg 180,188,388,237,0 395,245,487,330,1 358,331,450,416,1 273,377,365,462,1 179,371,271,456,1
data/rot_images/201908_10470682_19-S02012_2000871_1564569020985_0.jpg 136,208,391,270,0 411,278,529,388,1 379,393,508,512,1 274,462,403,581,1 148,453,277,572,1
data/rot_images/201908_10470683_19-S02012_2000873_1564569032449_0.jpg 151,200,412,267,0 410,268,507,364,1 383,364,480,460,1 297,420,394,516,1 185,420,290,522,1
data/rot_images/201908_10470684_19-S02012_2000876_1564569050296_0.jpg 169,171,426,232,0 438,238,545,336,1 406,338,513,436,1 314,389,421,487,1 206,381,313,479,1
data/rot_images/201908_10470685_19-S02012_2000875_1564569062478_0.jpg 132,196,408,256,0 412,254,528,357,1 380,358,496,461,1 280,422,396,525,1 161,412,277,515,1
data/rot_images/201908_10470686_19-S02012_2000878_1564569075843_0.jpg 136,162,391,214,0 398,220,519,319,1 374,321,482,417,1 283,378,391,474,1 170,373,278,469,1
data/rot_images/201908_10470688_19-S02012_2000880_1564569108917_0.jpg 142,154,430,217,0 451,230,580,326,1 413,330,542,426,1 301,389,430,485,1 175,381,304,477,1
data/rot_images/201908_10470689_19-S02012_2000879_1564569119380_0.jpg 156,202,425,259,0 420,257,527,349,1 387,348,494,440,1 288,411,395,503,1 173,403,288,497,1
data/rot_images/201908_10470690_19-S02012_2000882_1564569132768_0.jpg 123,162,416,220,0 421,222,544,329,1 388,327,511,434,1 280,386,403,493,1 150,372,273,479,1
data/rot_images/201908_10470691_19-S02012_2000881_1564569150300_0.jpg 137,180,402,244,0 409,248,515,333,1 375,332,481,417,1 278,386,389,474,1 156,376,272,466,1
data/rot_images/201908_10470692_19-S02012_2067891_1564569247758_0.jpg 145,177,403,238,0 404,241,507,327,1 377,330,480,416,1 280,384,390,473,1 160,376,275,469,1
data/rot_images/201908_10470693_19-S02012_2000884_1564569285504_0.jpg 182,191,388,252,0 395,264,483,354,1 368,351,466,452,1 286,403,384,504,1 187,387,285,488,1
data/rot_images/201908_10470694_19-S02012_2000886_1564569298572_0.jpg 171,187,388,243,0 402,230,499,327,1 385,326,482,423,1 311,387,408,484,1 209,386,306,483,1
data/rot_images/201908_10470695_19-S02012_2000883_1564569310824_0.jpg 141,174,397,228,0 414,223,524,322,1 391,322,501,421,1 292,386,410,488,1 171,385,289,487,1
data/rot_images/201908_10470696_19-S02012_2000885_1564569322274_0.jpg 150,195,416,257,0 420,254,527,357,1 393,356,500,459,1 302,422,409,525,1 189,419,296,522,1
data/rot_images/201908_10470697_19-S02012_2000888_1564569337859_0.jpg 174,205,397,259,0 414,251,512,353,1 392,350,490,452,1 310,410,408,512,1 205,409,303,511,1
data/rot_images/201908_10470699_19-S02012_2000890_1564569367421_0.jpg 162,187,400,238,0 411,237,520,339,1 377,333,486,435,1 284,388,393,490,1 173,381,282,483,1
data/rot_images/201908_10470700_19-S02012_2000889_1564569378134_0.jpg 178,193,417,250,0 422,247,524,344,1 401,344,503,441,1 318,407,420,504,1 212,410,314,507,1
data/rot_images/201908_10470702_19-S02012_2000891_1564569406561_0.jpg 138,196,421,267,0 434,280,565,409,1 405,413,536,542,1 288,486,419,599,1 154,468,282,599,1
data/rot_images/201908_10470703_19-S02012_2000894_1564569422684_0.jpg 134,178,378,241,0 387,236,487,342,1 367,349,467,455,1 285,415,385,521,1 184,411,284,517,1
data/rot_images/201908_10470704_19-S02012_2000893_1564569435585_0.jpg 158,195,399,256,0 406,259,512,358,1 384,361,490,460,1 299,427,405,526,1 190,422,296,521,1
data/rot_images/201908_10470705_19-S02012_2000794_1564569798298_0.jpg 137,191,397,247,0 413,253,534,337,1 383,339,504,423,1 290,383,399,468,1 179,371,288,456,1
data/rot_images/201908_10470707_19-S02012_2000796_1564569554106_0.jpg 179,186,412,237,0 430,230,541,321,1 406,335,517,426,1 306,383,417,474,1 194,377,305,468,1
data/rot_images/201908_10470709_19-S02012_2000798_1564569601697_0.jpg 150,190,390,247,0 396,247,503,337,1 366,338,473,428,1 273,388,380,478,1 168,385,275,475,1
data/rot_images/201908_10470711_19-S02012_2000800_1564569633501_0.jpg 149,159,403,217,0 417,217,530,316,1 378,313,491,412,1 289,371,394,465,1 178,363,283,457,1
data/rot_images/201908_10470713_19-S02012_2000802_1564569668730_0.jpg 150,176,407,238,0 420,241,538,341,1 390,342,508,442,1 292,401,400,499,1 177,393,285,491,1
data/rot_images/201908_10470715_19-S02012_2000804_1564569696140_0.jpg 184,196,406,259,0 408,268,506,349,1 379,349,477,430,1 296,387,388,469,1 200,373,292,455,1
data/rot_images/201908_10470718_19-S02012_2074494_1564569902965_0.jpg 168,190,437,248,0
data/rot_images/201908_10470719_19-S02012_2059788_1564569980833_0.jpg 141,183,393,251,0 399,246,502,341,1 371,345,474,440,1 284,405,387,500,1 166,397,277,503,1
data/rot_images/201908_10470720_19-S02012_2000805_1564570001390_0.jpg 126,180,407,246,0 421,252,541,346,1 386,346,506,440,1 283,400,403,494,1 152,390,272,484,1
data/rot_images/201908_10470721_19-S02012_2000862_1564570015044_0.jpg 158,189,378,242,0 388,245,474,329,1 380,331,466,415,1 306,382,401,481,1 204,376,299,475,1
data/rot_images/201908_10470722_19-S02012_2000807_1564570028526_0.jpg 119,194,396,246,0 422,252,541,353,1 387,348,506,449,1 285,402,404,503,1 165,393,284,494,1
data/rot_images/201908_10470723_19-S02012_2000806_1564570052499_0.jpg 164,211,357,262,0 360,265,438,337,1 350,338,428,410,1 290,383,372,462,1 206,377,288,456,1
data/rot_images/201908_10470725_19-S02012_2000808_1564570094310_0.jpg 161,189,354,236,0 373,246,457,323,1 369,324,453,401,1 310,371,397,457,1 213,362,308,454,1
data/rot_images/201908_10470726_19-S02012_2000811_1564570112688_0.jpg 117,199,395,261,0 420,241,533,326,1 396,328,509,413,1 305,383,418,468,1 186,385,299,470,1
data/rot_images/201908_10470727_19-S02012_2000810_1564570129767_0.jpg 126,186,373,253,0 383,259,483,341,1 373,337,473,419,1 296,385,396,467,1 187,368,292,453,1
data/rot_images/201908_10470728_19-S02012_2000813_1564570156602_0.jpg 122,169,423,230,0 432,229,545,319,1 401,323,511,414,1 303,374,416,465,1 185,370,298,461,1
data/rot_images/201908_10470729_19-S02012_2000812_1564570166756_0.jpg 157,223,382,280,0 384,278,466,358,1 376,363,458,443,1 309,420,397,512,1 202,420,304,524,1
data/rot_images/201908_10470730_19-S02012_2000815_1564570183531_0.jpg 151,195,403,252,0 382,344,484,429,1 411,249,513,334,1 290,392,392,477,1 181,386,285,480,1
data/rot_images/201908_10470731_19-S02012_2000814_1564570201019_0.jpg 183,176,386,234,0 392,238,476,317,1 379,322,463,401,1 313,370,397,449,1 219,363,311,447,1
data/rot_images/201908_10470732_19-S02012_2016247_1564570511853_0.jpg 192,178,396,249,0
data/rot_images/201908_10470733_19-S02012_2000840_1564570566697_0.jpg 164,181,376,244,0 381,243,467,326,1 370,325,457,405,1 297,366,392,455,1 192,359,290,451,1
data/rot_images/201908_10470734_19-S02012_2000842_1564570583299_0.jpg 154,197,416,265,0 417,269,525,357,1 395,358,503,446,1 301,411,412,506,1 177,403,294,507,1
data/rot_images/201908_10470735_19-S02012_2000844_1564570599909_0.jpg 159,200,392,261,0 399,261,487,338,1 386,339,474,416,1 311,387,407,469,1 202,380,307,472,1
data/rot_images/201908_10470736_19-S02012_2000846_1564570621535_0.jpg 152,183,420,239,0 436,245,550,348,1 417,350,541,459,1 314,417,441,529,1 175,409,309,526,1
data/rot_images/201908_10470737_19-S02012_2000848_1564570640417_0.jpg 140,182,417,249,0 428,264,543,372,1 415,374,539,501,1 309,449,441,590,1 164,441,303,581,1
data/rot_images/201908_10470738_19-S02012_2000850_1564706151276_0.jpg 155,159,437,230,0 439,245,560,361,1 403,361,524,477,1 301,429,422,545,1 173,420,298,544,1
data/rot_images/201908_10470739_19-S02012_2000841_1564570929833_0.jpg 133,203,390,257,0 402,256,503,345,1 369,349,470,438,1 281,402,382,491,1 173,391,274,480,1
data/rot_images/201908_10470741_19-S02012_2000843_1564570946246_0.jpg 130,176,428,236,0 445,243,580,338,1 398,339,533,434,1 280,390,415,485,1 144,375,279,470,1
data/rot_images/201908_10470742_19-S02012_2000854_1564570975128_0.jpg 148,169,426,243,0 422,243,525,340,1 389,344,492,441,1 291,405,404,505,1 161,398,282,508,1
data/rot_images/201908_10470743_19-S02012_2000845_1564570992884_0.jpg 139,157,380,227,0 399,227,518,348,1 368,351,487,472,1 278,419,387,537,1 164,400,273,518,1
data/rot_images/201908_10470744_19-S02012_2000856_1564571015637_0.jpg 140,207,381,266,0 387,271,476,356,1 368,356,466,441,1 294,404,395,496,1 187,397,288,490,1
data/rot_images/201908_10470745_19-S02012_2000847_1564571044572_0.jpg 150,174,408,233,0 426,228,557,329,1 387,330,518,431,1 285,385,405,482,1 171,378,279,468,1
data/rot_images/201908_10470746_19-S02012_2000858_1564571059271_0.jpg 146,212,363,268,0 373,254,462,341,1 360,344,459,436,1 286,412,385,504,1 182,414,281,516,1
data/rot_images/201908_10470747_19-S02012_2000849_1564571073967_0.jpg 139,183,403,239,0 406,238,529,333,1 368,335,487,426,1 271,389,382,479,1 160,380,271,470,1
data/rot_images/201908_10470748_19-S02012_2000860_1564571090778_0.jpg 180,156,377,211,0 393,190,476,276,1 393,276,476,362,1 330,340,420,430,1 234,350,323,442,1
data/rot_images/201908_10470749_19-S02012_2000851_1564571109509_0.jpg 174,191,395,240,0 404,236,508,327,1 384,330,485,424,1 303,392,404,486,1 201,384,302,478,1
data/rot_images/201908_10470750_19-S02012_2000863_1564571122760_0.jpg 184,193,409,247,0 422,249,508,349,1 413,351,499,451,1 338,424,432,528,1 231,429,331,538,1
data/rot_images/201908_10470754_19-S02012_2000866_1564571247720_0.jpg 136,182,408,242,0 408,243,514,328,1 373,335,479,420,1 277,389,383,474,1 155,381,269,479,1
data/rot_images/201908_10470755_19-S02012_2000857_1564571267440_0.jpg 128,184,429,236,0 445,237,570,330,1 405,334,530,427,1 297,385,422,478,1 169,382,294,475,1
data/rot_images/201908_10470756_19-S02012_2000867_1564571278660_0.jpg 145,192,399,263,0 401,267,498,368,1 374,369,471,470,1 283,430,391,540,1 162,421,275,541,1
data/rot_images/201908_10470757_19-S02012_2000859_1564571304355_0.jpg 145,176,418,228,0 426,234,534,321,1 393,327,501,414,1 291,378,405,469,1 175,371,289,462,1
data/rot_images/201908_10470758_19-S02012_2000868_1564571313549_0.jpg 155,197,381,267,0 377,281,471,372,1 351,373,445,472,1 266,429,363,530,1 152,414,264,528,1
data/rot_images/201908_10470759_19-S02012_2000861_1564571331300_0.jpg 158,173,390,238,0 416,226,520,322,1 389,322,493,418,1 306,382,410,478,1 196,381,300,477,1
data/rot_images/201908_10470760_19-S02012_2000869_1564571344562_0.jpg 135,173,367,230,0 374,226,472,313,1 355,314,453,401,1 268,376,366,463,1 165,368,266,467,1
data/rot_images/201908_10470765_19-S02012_2000816_1564571525096_0.jpg 136,195,386,247,0 403,243,533,344,1 374,348,504,449,1 272,412,392,514,1 166,405,271,500,1
data/rot_images/201908_10470766_19-S02012_2000818_1564571539692_0.jpg 146,199,399,251,0 415,254,532,345,1 383,345,503,441,1 286,396,397,490,1 169,386,280,480,1
data/rot_images/201908_10470767_19-S02012_2000821_1564571556543_0.jpg 162,166,378,213,0 386,216,477,299,1 377,303,467,389,1 305,359,402,451,1 205,356,302,448,1
data/rot_images/201908_10470768_19-S02012_2000820_1564571574643_0.jpg 155,167,401,222,0 418,220,530,320,1 380,320,492,420,1 278,371,387,464,1 176,361,278,454,1
data/rot_images/201908_10470770_19-S02012_2000822_1564571605703_0.jpg 138,137,398,204,0 419,208,536,319,1 391,319,508,430,1 296,381,405,488,1 182,369,291,476,1
data/rot_images/201908_10470772_19-S02012_2000824_1564571637330_0.jpg 174,174,397,227,0 414,211,509,300,1 393,305,488,394,1 312,363,407,452,1 213,367,308,456,1
data/rot_images/201908_10470774_19-S02012_2000826_1564571676575_0.jpg 155,194,409,262,0 429,235,542,336,1 402,335,515,436,1 314,398,427,499,1 195,400,308,501,1
data/rot_images/201908_10470775_19-S02012_2000829_1564571751371_0.jpg 130,165,391,230,0 394,223,488,325,1 371,322,473,422,1 285,390,394,492,1 164,385,280,497,1
data/rot_images/201908_10470776_19-S02012_2000831_1564571777065_0.jpg 115,160,428,235,0 420,233,533,330,1 387,325,500,422,1 277,383,402,480,1 139,378,272,480,1
data/rot_images/201908_10470778_19-S02012_2000830_1564571805600_0.jpg 166,202,388,278,0 408,255,527,364,1 399,369,518,478,1 220,441,323,548,1 326,444,430,539,1
data/rot_images/201908_10470779_19-S02012_2000833_1564571829395_0.jpg 141,174,407,237,0 409,241,526,339,1 377,340,494,438,1 279,397,396,495,1 152,383,275,487,1
data/rot_images/201908_10470780_19-S02012_2000832_1564571842173_0.jpg 136,171,420,240,0 433,230,547,333,1 403,338,517,441,1 306,401,420,504,1 192,397,306,500,1
data/rot_images/201908_10470781_19-S02012_2000835_1564571856882_0.jpg 156,159,403,236,0 403,245,504,360,1 391,358,495,485,1 305,441,409,572,1 182,436,301,579,1
data/rot_images/201908_10470782_19-S02012_2000834_1564571869946_0.jpg 197,198,425,270,0 429,269,526,360,1 393,356,490,447,1 307,407,404,498,1 209,395,306,486,1
data/rot_images/201908_10470783_19-S02012_2000837_1564571886650_0.jpg 123,179,374,240,0 384,242,484,333,1 364,336,464,427,1 283,386,383,477,1 166,378,272,478,1
data/rot_images/201908_10470784_19-S02012_2000836_1564571902055_0.jpg 126,170,430,238,0 449,229,575,333,1 417,331,543,435,1 316,395,442,499,1 185,387,311,491,1
data/rot_images/201908_10470786_19-S02012_2000838_1564571935342_0.jpg 153,174,393,224,0 402,221,509,318,1 372,320,479,417,1 296,377,403,474,1 189,380,296,477,1
data/rot_images/201908_10470787_19-S02012_2104325_1564572004004_0.jpg 124,189,416,247,0 412,250,516,341,1 380,337,491,430,1 283,391,394,484,1 155,389,280,480,1
data/rot_images/201908_10470788_19-S02012_2080158_1564572024452_0.jpg 179,206,359,255,0 382,264,463,340,1 370,339,451,415,1 309,378,390,454,1 226,364,307,440,1
data/rot_images/201908_10470789_19-S02012_2030913_1564617255207_0.jpg 157,195,395,259,0 414,262,522,368,1 390,370,498,476,1 301,440,409,546,1 190,436,298,542,1
data/rot_images/201908_10470790_19-S02012_2032075_1564617276748_0.jpg 208,170,408,244,0 392,260,479,339,1 352,329,439,408,1 271,359,358,438,1 186,335,273,414,1
data/rot_images/201908_10470791_19-S02012_2030869_1564617324783_0.jpg 177,162,392,228,0 388,243,476,326,1 358,321,446,404,1 279,362,367,445,1 183,345,271,428,1
data/rot_images/201908_10470792_19-S02012_2030871_1564617351135_0.jpg 166,190,398,256,0 409,234,505,320,1 390,325,486,411,1 310,383,406,469,1 212,382,308,468,1
data/rot_images/201908_10470793_19-S02012_2030920_1564617340215_0.jpg 168,191,410,255,0 406,253,493,339,1 385,340,472,426,1 302,389,396,480,1 197,382,297,482,1
data/rot_images/201908_10470794_19-S02012_2047565_1564617377451_0.jpg 158,177,413,236,0 420,221,533,317,1 401,319,514,415,1 314,377,427,473,1 211,378,315,473,1
data/rot_images/201908_10470795_19-S02012_2030872_1564617391366_0.jpg 156,181,427,244,0 423,244,521,332,1 392,333,495,425,1 300,388,403,480,1 176,379,290,480,1
data/rot_images/201908_10470796_19-S02012_2030964_1564617411364_0.jpg 165,170,416,232,0 427,240,531,341,1 394,343,498,444,1 297,402,401,503,1 192,389,296,490,1
data/rot_images/201908_10470797_19-S02012_2030868_1564617425197_0.jpg 129,193,399,243,0 401,245,516,333,1 372,332,487,420,1 271,385,387,474,1 151,383,267,472,1
data/rot_images/201908_10470798_19-S02012_2030867_1564617451614_0.jpg 130,171,414,236,0 430,244,546,348,1 389,348,505,452,1 283,406,399,510,1 165,394,281,498,1
data/rot_images/201908_10470799_19-S02012_2034728_1564617652009_0.jpg 124,177,407,234,0 424,236,551,347,1 392,348,519,459,1 284,406,411,517,1 155,395,282,506,1
data/rot_images/201908_10470800_19-S02012_2063452_1564617663603_0.jpg 155,167,409,243,0 401,243,495,338,1 369,336,463,431,1 282,391,377,487,1 170,383,276,483,1
data/rot_images/201908_10470801_19-S02012_2034730_1564617688699_0.jpg 140,179,410,234,0 412,235,527,334,1 380,334,495,433,1 292,391,407,490,1 161,388,276,487,1
data/rot_images/201908_10470802_19-S02012_2079812_1564617718828_0.jpg 149,182,405,241,0
data/rot_images/201908_10470803_19-S02012_2034729_1564617706326_0.jpg 149,184,401,252,0 401,259,509,359,1 369,356,477,456,1 268,415,376,515,1 151,402,264,506,1
data/rot_images/201908_10470804_19-S02012_2035255_1564617734036_0.jpg 135,162,422,215,0 441,221,561,313,1 407,319,533,409,1 300,375,422,470,1 168,368,296,462,1
data/rot_images/201908_10470805_19-S02012_2039230_1564617751318_0.jpg 138,167,414,228,0 416,234,524,326,1 389,329,497,421,1 290,385,405,489,1 166,379,286,480,1
data/rot_images/201908_10470806_19-S02012_2075179_1564617765172_0.jpg 167,187,408,244,0 416,226,519,328,1 394,325,497,427,1 317,385,420,487,1 212,386,315,488,1
data/rot_images/201908_10470807_19-S02012_2035370_1564617783027_0.jpg 116,195,415,249,0 420,252,539,350,1 385,352,508,445,1 286,407,409,500,1 155,401,279,503,1
data/rot_images/201908_10470808_19-S02012_2035256_1564617795908_0.jpg 141,178,419,246,0 421,248,529,333,1 386,335,494,420,1 289,387,401,477,1 166,378,284,465,1
data/rot_images/201908_10470809_19-S02012_2031384_1564617843143_0.jpg 155,168,407,220,0 420,230,531,330,1 390,333,501,433,1 292,393,403,493,1 180,384,291,484,1
data/rot_images/201908_10470811_19-S02012_2031927_1564617882287_0.jpg 137,157,420,214,0 423,226,537,319,1 398,323,513,424,1 306,384,420,490,1 173,375,297,482,1
data/rot_images/201908_10470812_19-S02012_2033049_1564617920796_0.jpg 193,172,412,231,0 430,218,535,314,1 405,316,510,412,1 328,373,424,458,1 229,367,325,452,1
data/rot_images/201908_10470813_19-S02012_2032063_1564617898458_0.jpg 147,197,401,264,0 409,266,518,375,1 386,376,493,486,1 290,445,397,555,1 166,440,282,551,1
data/rot_images/201908_10470814_19-S02012_2027519_1564617936826_0.jpg 132,189,413,239,0 420,238,544,331,1 383,334,507,427,1 285,387,402,476,1 165,381,282,470,1
data/rot_images/201908_10470815_19-S02012_2031990_1564617955661_0.jpg 139,208,417,259,0 417,276,530,376,1 381,377,494,477,1 272,435,393,536,1 151,422,272,521,1
data/rot_images/201908_10470816_19-S02012_2031969_1564617969087_0.jpg 159,176,416,230,0 424,237,542,337,1 390,334,508,434,1 303,392,411,486,1 188,384,296,478,1
data/rot_images/201908_10470817_19-S02012_2031970_1564617988322_0.jpg 159,174,401,227,0 412,229,520,318,1 391,318,499,407,1 303,378,409,473,1 179,374,296,472,1
data/rot_images/201908_10470818_19-S02012_2032239_1564618009342_0.jpg 144,179,407,240,0 426,236,533,332,1 397,335,507,437,1 302,396,412,498,1 187,394,297,496,1
data/rot_images/201908_10470819_19-S02012_2037634_1564618184831_0.jpg 130,177,409,242,0 417,249,541,345,1 380,343,506,442,1 271,394,397,493,1 160,380,276,479,1
data/rot_images/201908_10470820_19-S02012_2045929_1564618196323_0.jpg 123,206,379,258,0 386,259,489,339,1 370,340,473,420,1 284,391,387,471,1 174,386,277,468,1
data/rot_images/201908_10470821_19-S02012_2031634_1564618213984_0.jpg 153,178,380,238,0 385,241,484,340,1 362,343,461,442,1 286,408,385,507,1 180,403,280,513,1
data/rot_images/201908_10470822_19-S02012_2029011_1564618236018_0.jpg 121,169,399,235,0 414,238,533,352,1 384,351,503,465,1 285,415,404,529,1 164,412,283,526,1
data/rot_images/201908_10470823_19-S02012_2022597_1564618226990_0.jpg 143,197,393,254,0 399,268,508,359,1 370,358,475,458,1 281,411,386,511,1 167,401,272,501,1
data/rot_images/201908_10470824_19-S02012_2031715_1564618247563_0.jpg 195,169,412,242,0 405,247,502,337,1 371,337,468,427,1 283,379,380,469,1 189,359,286,449,1
data/rot_images/201908_10470825_19-S02012_2022919_1564618264686_0.jpg 167,180,431,243,0 436,241,546,346,1 409,345,519,450,1 316,406,426,511,1 202,401,312,506,1
data/rot_images/201908_10470826_19-S02012_2045928_1564618277902_0.jpg 166,160,408,223,0 422,222,531,322,1 395,323,504,423,1 311,385,420,485,1 200,383,309,483,1
data/rot_images/201908_10470827_19-S02012_2047414_1564618293336_0.jpg 157,182,394,252,0 383,260,476,348,1 349,340,442,428,1 263,383,356,471,1 171,368,264,456,1
data/rot_images/201908_10470828_19-S02012_2039757_1564618307137_0.jpg 130,162,409,233,0 416,213,539,318,1 382,319,505,424,1 276,376,399,481,1 162,366,274,473,1
data/rot_images/201908_10470831_19-S02012_2000979_1564616736294_0.jpg 144,204,371,275,0
data/rot_images/201908_10470834_19-S02012_2000982_1564616799755_0.jpg 191,172,369,212,0
data/rot_images/201908_10470835_19-S02012_2000983_1564616824851_0.jpg 151,176,428,234,0 189,368,305,451,1
data/rot_images/201908_10470839_19-S02012_2000987_1564616934847_0.jpg 131,169,402,232,0
data/rot_images/201908_10470841_19-S02012_2000989_1564616973611_0.jpg 201,181,393,225,0
data/rot_images/201908_10470842_19-S02012_2000990_1564617009057_0.jpg 133,182,412,240,0 425,239,537,339,1 390,332,502,432,1 283,387,395,487,1 162,387,278,487,1
data/rot_images/201908_10470845_19-S02012_2000993_1564617136189_0.jpg 180,137,382,199,0 387,199,482,322,1 369,326,464,449,1 294,412,389,535,1 198,415,293,538,1
data/rot_images/201908_10470846_19-S02012_2028135_1564618462457_0.jpg 162,205,377,259,0 389,268,478,352,1 360,346,449,430,1 281,393,370,477,1 181,381,270,465,1
data/rot_images/201908_10470847_19-S02012_2028136_1564618492616_0.jpg 170,174,411,237,0 426,239,521,330,1 390,326,485,417,1 300,376,395,467,1 196,358,291,449,1
data/rot_images/201908_10470849_19-S02012_2028138_1564618532977_0.jpg 144,133,390,204,0 403,206,502,310,1 373,312,472,416,1 289,368,388,472,1 187,357,286,461,1
data/rot_images/201908_10470850_19-S02012_2028139_1564618554357_0.jpg 158,148,414,217,0 413,230,510,337,1 372,330,478,440,1 273,377,379,487,1 162,359,268,469,1
data/rot_images/201908_10470851_19-S02012_2028140_1564618604270_0.jpg 144,177,383,236,0 407,236,522,336,1 382,335,497,435,1 286,383,401,483,1 170,371,285,471,1
data/rot_images/201908_10470852_19-S02012_2028141_1564618622897_0.jpg 137,186,405,248,0 422,249,530,353,1 390,361,498,465,1 298,420,406,524,1 172,414,288,521,1
data/rot_images/201908_10470853_19-S02012_2028142_1564618643741_0.jpg 147,166,387,226,0 411,218,517,320,1 385,320,491,422,1 293,380,399,482,1 186,383,292,485,1
data/rot_images/201908_10470854_19-S02012_2028143_1564618659176_0.jpg 137,215,429,296,0 423,296,537,410,1 392,405,506,519,1 292,471,406,585,1 169,468,283,582,1
data/rot_images/201908_10470855_19-S02012_2028144_1564618675056_0.jpg 154,164,393,224,0 412,215,518,318,1 383,316,489,419,1 300,382,406,485,1 197,372,303,475,1
data/rot_images/201908_10470856_19-S02012_2028145_1564618692881_0.jpg 157,167,409,235,0 409,241,519,346,1 381,352,491,457,1 286,408,394,524,1 169,396,277,512,1
data/rot_images/201908_10470857_19-S02012_2028146_1564618706547_0.jpg 164,182,419,243,0 421,235,526,333,1 396,335,497,426,1 308,387,407,479,1 198,382,302,476,1
data/rot_images/201908_10470858_19-S02012_2028147_1564618734117_0.jpg 145,204,387,268,0 394,269,490,366,1
data/rot_images/201908_10470859_19-S02012_2028148_1564618722481_0.jpg 140,168,419,228,0 445,225,571,331,1 410,336,536,442,1 300,391,426,497,1 169,385,295,491,1
data/rot_images/201908_10470860_19-S02012_2028149_1564618746169_0.jpg 153,193,411,262,0 414,261,514,370,1 380,368,480,477,1 295,431,395,540,1 178,428,284,531,1
data/rot_images/201908_10470861_19-S02012_2028069_1564618973164_0.jpg 134,171,389,228,0
data/rot_images/201908_10470866_19-S02012_2028074_1564619170614_0.jpg 224,191,417,259,0
data/rot_images/201908_10470868_19-S02012_2028119_1564619533179_0.jpg 145,173,399,234,0 416,240,532,347,1 383,348,499,455,1 284,408,400,515,1 164,395,280,502,1
data/rot_images/201908_10470869_19-S02012_2028120_1564619558484_0.jpg 144,164,413,213,0 438,222,553,326,1 401,330,516,434,1 302,379,417,483,1 176,377,291,481,1
data/rot_images/201908_10470871_19-S02012_2028122_1564619592975_0.jpg 143,186,405,249,0 416,246,526,346,1 382,345,492,445,1 285,402,395,502,1 172,393,282,493,1
data/rot_images/201908_10470872_19-S02012_2028123_1564619268566_0.jpg 139,203,437,280,0
data/rot_images/201908_10470873_19-S02012_2028124_1564619280368_0.jpg 146,187,387,257,0 386,257,482,348,1 355,346,451,437,1 267,396,365,491,1 166,384,264,479,1
data/rot_images/201908_10470874_19-S02012_2028125_1564619294763_0.jpg 140,174,407,230,0 422,226,536,320,1 393,325,507,419,1 294,382,408,476,1 176,379,290,473,1
data/rot_images/201908_10470875_19-S02012_2028126_1564619306821_0.jpg 136,205,409,262,0 408,263,511,355,1 380,358,483,450,1 287,419,395,513,1 164,416,279,519,1
data/rot_images/201908_10470876_19-S02012_2028127_1564619321725_0.jpg 159,158,410,226,0 424,224,551,334,1 400,337,506,447,1 308,398,414,508,1 198,389,304,499,1
data/rot_images/201908_10470877_19-S02012_2028128_1564619337185_0.jpg 158,191,425,267,0 431,274,541,384,1 404,387,515,506,1 307,454,418,573,1 187,450,298,569,1
data/rot_images/201908_10470878_19-S02012_2028129_1564619355574_0.jpg 141,182,422,236,0 424,232,542,330,1 390,323,508,421,1 294,380,407,474,1 174,376,287,470,1
data/rot_images/201908_10470879_19-S02012_2028130_1564619370268_0.jpg 114,177,393,236,0 399,241,518,340,1 369,337,488,436,1 270,403,389,502,1 150,396,269,495,1
data/rot_images/201908_10470880_19-S02012_2028131_1564619386402_0.jpg 157,184,410,248,0 419,233,517,317,1 199,373,303,472,1
data/rot_images/201908_10470881_19-S02012_2028132_1564619417637_0.jpg 193,174,435,251,0 419,254,516,348,1 396,349,496,448,1 318,412,414,516,1 207,405,312,515,1
data/rot_images/201908_10470882_19-S02012_2028133_1564619406923_0.jpg 141,181,409,232,0 430,226,549,337,1 399,332,518,443,1 303,389,415,491,1 187,377,299,479,1
data/rot_images/201908_10470883_19-S02012_2028134_1564619434897_0.jpg 154,190,393,259,0 396,272,496,357,1 359,353,459,438,1 271,398,371,483,1 163,380,267,472,1
data/rot_images/201908_10470884_19-S02012_2028085_1564619735854_0.jpg 194,199,384,244,0 384,240,464,326,1 353,328,433,414,1 276,378,356,464,1 191,381,271,467,1
data/rot_images/201908_10470885_19-S02012_2028086_1564619750415_0.jpg 190,177,401,236,0 412,240,522,352,1 382,351,492,463,1 289,412,399,524,1 182,398,292,510,1
data/rot_images/201908_10470886_19-S02012_2028087_1564619768649_0.jpg 170,217,397,270,0 387,263,469,343,1 362,343,444,423,1 289,400,371,480,1 193,398,286,488,1
data/rot_images/201908_10470889_19-S02012_2028090_1564619824343_0.jpg 189,186,406,239,0 426,251,526,339,1 400,335,500,423,1 316,384,416,472,1 212,371,312,459,1
data/rot_images/201908_10470891_19-S02012_2028092_1564619853623_0.jpg 184,209,379,264,0 391,273,472,350,1 370,348,451,425,1 307,387,388,464,1 220,372,301,449,1
data/rot_images/201908_10470892_19-S02012_2028093_1564619872947_0.jpg 196,205,387,259,0 389,262,468,337,1 371,331,450,406,1 306,368,385,443,1 227,354,306,429,1
data/rot_images/201908_10470893_19-S02012_2028094_1564619898810_0.jpg 199,211,373,260,0 380,275,467,347,1 364,344,451,416,1 295,379,382,451,1 211,365,298,437,1
data/rot_images/201908_10470894_19-S02012_2028095_1564619989550_0.jpg 166,214,376,262,1 378,268,455,338,1 360,339,437,409,1 297,386,374,456,1 206,379,290,455,1
data/rot_images/201908_10470895_19-S02012_2028096_1564620005073_0.jpg 162,195,401,254,0 411,254,508,339,1 385,338,484,426,1 302,387,401,475,1 196,382,295,470,1
data/rot_images/201908_10470896_19-S02012_2028097_1564620019861_0.jpg 160,184,396,250,0 393,254,495,341,1 361,340,463,427,1 278,394,380,481,1 171,370,273,475,1
data/rot_images/201908_10470897_19-S02012_2028098_1564620036973_0.jpg 164,175,379,229,0 396,225,492,314,1 377,315,473,404,1 299,370,395,457,1 199,360,295,447,1
data/rot_images/201908_10470898_19-S02012_2028099_1564620054260_0.jpg 119,227,372,282,0 389,282,486,371,1 363,367,460,456,1 278,423,375,512,1 170,417,272,506,1
data/rot_images/201908_10470899_19-S02012_2028100_1564620067224_0.jpg 170,195,382,241,0 396,252,491,329,1 375,331,470,416,1 298,374,393,459,1 201,362,290,445,1
data/rot_images/201908_10470900_19-S02012_2028101_1564620083157_0.jpg 118,211,389,286,0 394,280,499,376,1 364,375,476,477,1 269,435,381,537,1 157,427,269,529,1
data/rot_images/201908_10470902_19-S02012_2028103_1564620111876_0.jpg 163,206,370,264,0 368,270,439,347,1 342,343,419,419,1 272,384,351,467,1 181,376,268,462,1
data/rot_images/201908_10470903_19-S02012_2028104_1564620129314_0.jpg 163,185,361,238,0 374,232,471,318,1 356,314,453,400,1 286,366,378,453,1 199,357,284,440,1
data/rot_images/201908_10470904_19-S02012_2028105_1564620144931_0.jpg 115,160,388,217,0 409,212,527,314,1 388,313,506,415,1 294,380,412,482,1 167,375,285,477,1
data/rot_images/201908_10470905_19-S02012_2028106_1564620168375_0.jpg 135,199,386,253,0 414,254,527,351,1 393,347,506,444,1 308,397,414,491,1 194,385,300,479,1
data/rot_images/201908_10470906_19-S02012_2028107_1564620253057_0.jpg 114,174,414,233,0 436,232,562,328,1 405,331,531,427,1 299,386,417,483,1 176,379,294,476,1
data/rot_images/201908_10470907_19-S02012_2028108_1564620272187_0.jpg 154,195,379,259,0 381,268,476,355,1 357,356,452,443,1 274,407,369,494,1 177,400,272,487,1
data/rot_images/201908_10470908_19-S02012_2028109_1564620286185_0.jpg 147,168,416,236,0 426,231,536,328,1 400,332,510,429,1 307,393,417,490,1 187,389,297,486,1
data/rot_images/201908_10470909_19-S02012_2028110_1564620301625_0.jpg 124,210,370,265,0 379,261,473,338,1 360,339,461,418,1 280,386,385,473,1 177,385,282,472,1
data/rot_images/201908_10470910_19-S02012_2028111_1564620316140_0.jpg 157,141,406,200,0 419,209,529,310,1 386,307,496,408,1 296,369,406,470,1 175,363,285,464,1
data/rot_images/201908_10470911_19-S02012_2028112_1564620328018_0.jpg 124,183,396,244,0 404,243,512,343,1 369,343,477,443,1 268,400,376,500,1 141,390,258,493,1
data/rot_images/201908_10470912_19-S02012_2028113_1564620343129_0.jpg 147,187,392,249,0 408,241,520,334,1 374,334,486,427,1 272,381,384,474,1 164,372,268,462,1
data/rot_images/201908_10470913_19-S02012_2028114_1564620354813_0.jpg 110,185,405,258,0 408,249,521,363,1 383,360,496,474,1 275,420,396,533,1 146,417,267,530,1
data/rot_images/201908_10470914_19-S02012_2028115_1564620367506_0.jpg 145,176,376,237,0 381,243,474,333,1 349,333,442,423,1 265,383,358,473,1 169,375,262,465,1
data/rot_images/201908_10470915_19-S02012_2028116_1564620396378_0.jpg 170,205,387,265,0 384,280,472,364,1 352,360,445,455,1 268,399,361,494,1 172,378,265,473,1
data/rot_images/201908_10470916_19-S02012_2028117_1564620386360_0.jpg 145,173,409,239,0 426,243,536,350,1 396,351,506,458,1 302,417,412,524,1 189,408,299,515,1
data/rot_images/201908_10470917_19-S02012_2028118_1564620407697_0.jpg 410,255,514,346,1 382,353,487,441,1 286,403,396,496,1 165,395,278,487,1
data/rot_images/201908_10470920_19-S02012_2028077_1564620617366_0.jpg 427,208,551,332,1 392,337,515,457,1 289,413,406,529,1 150,404,277,519,1
data/rot_images/201908_10470921_19-S02012_2028078_1564620654266_0.jpg 398,245,482,322,1 376,325,462,399,1 299,375,390,451,1 199,371,292,450,1
data/rot_images/201908_10969380_19-S02016_2036754_1564737400560_0.jpg 386,257,459,330,1 358,338,433,411,1 291,391,364,467,1 216,393,287,470,1
data/rot_images/201908_10969382_19-S02016_2017342_1564737453868_0.jpg 414,235,526,333,1 388,340,502,440,1 296,406,406,509,1 179,403,288,505,1
data/rot_images/201908_10969383_19-S02016_2017343_1564737467485_0.jpg 405,270,503,365,1 372,367,467,453,1 291,411,381,500,1 200,393,284,478,1
data/rot_images/201908_10969384_19-S02016_2017345_1564737494082_0.jpg 401,268,489,358,1 376,364,460,451,1 293,416,384,507,1 192,405,287,502,1
data/rot_images/201908_10969385_19-S02016_2017344_1564737513368_0.jpg 402,252,499,341,1 382,343,474,430,1 296,401,392,491,1 191,404,291,489,1
data/rot_images/201908_10969386_19-S02016_2017347_1564737531807_0.jpg 424,250,527,355,1 392,358,501,466,1 297,425,410,534,1 178,419,292,531,1
data/rot_images/201908_10969387_19-S02016_2017346_1564737545710_0.jpg 414,262,506,355,1 389,361,479,453,1 302,419,396,515,1 202,406,296,505,1
data/rot_images/201908_10969388_19-S02016_2017349_1564737576563_0.jpg 411,205,512,310,1 392,318,491,418,1 312,384,410,486,1 205,383,305,486,1
data/rot_images/201908_10969389_19-S02016_2017348_1564737590447_0.jpg 416,234,513,332,1 392,332,489,426,1 310,390,401,480,1 213,390,303,478,1
data/rot_images/201908_10969390_19-S02016_2017351_1564737614038_0.jpg 417,212,515,314,1 384,318,488,420,1 295,380,401,484,1 182,370,288,474,1
data/rot_images/201908_10969391_19-S02016_2017350_1564737622876_0.jpg 401,229,489,304,1 380,308,467,382,1 312,366,394,434,1 232,378,308,444,1
data/rot_images/201908_10969392_19-S02016_2097293_1564737684017_0.jpg 396,304,491,384,1 342,381,445,458,1 248,415,348,496,1 149,399,246,480,1
data/rot_images/201908_10969393_19-S02016_2100496_1564737728065_0.jpg 380,241,465,351,1 359,350,439,459,1 288,405,365,513,1 203,388,287,491,1
data/rot_images/201908_10969394_19-S02016_2079163_1564737752324_0.jpg
data/rot_images/201908_10969395_19-S02016_2097550_1564737772695_0.jpg 389,251,477,327,1 353,326,441,399,1 268,376,355,447,1 178,373,266,446,1
data/rot_images/201908_10969396_19-S02016_2075491_1564737804943_0.jpg 376,257,454,348,1 362,356,444,448,1 288,418,377,518,1 187,420,281,524,1
data/rot_images/201908_10969397_19-S02016_2017333_1564737814258_0.jpg 375,253,485,358,1 337,354,441,455,1
data/rot_images/201908_10969398_19-S02016_2017335_1564737830975_0.jpg 396,223,497,334,1 376,339,478,446,1 287,409,390,520,1 177,411,281,519,1
data/rot_images/201908_10969399_19-S02016_2017334_1564737848109_0.jpg 405,245,501,338,1 381,343,478,432,1 295,399,394,493,1 183,395,289,489,1
data/rot_images/201908_10969400_19-S02016_2017337_1564737863628_0.jpg 438,224,551,333,1 412,338,523,447,1 315,405,425,512,1 200,401,308,509,1
data/rot_images/201908_10969402_19-S02016_2017338_1564737902264_0.jpg 403,284,503,375,1 347,383,440,476,1 255,454,353,541,1 138,467,250,564,1
data/rot_images/201908_10969404_19-S02016_2017341_1564737951982_0.jpg 410,257,508,350,1 388,356,488,446,1 307,413,401,501,1 212,408,304,491,1
data/rot_images/201908_10969405_19-S02016_2017340_1564737968545_0.jpg 422,252,529,349,1 394,356,507,452,1 298,418,413,520,1 166,420,289,521,1
data/rot_images/201908_10969406_19-S02016_2001107_1564738072606_0.jpg 379,241,455,316,1 344,314,423,380,1 272,364,351,428,1
data/rot_images/201908_10969407_19-S02016_2047195_1564739053023_0.jpg 402,280,494,366,1 369,364,462,445,1 284,406,372,491,1 186,388,278,475,1
data/rot_images/201908_10969408_19-S02016_2047196_1564739061325_0.jpg 396,237,514,347,1 360,352,476,460,1 261,411,369,518,1 151,394,256,493,1
data/rot_images/201908_10969409_19-S02016_2032090_1564739079514_0.jpg 424,244,538,337,1 398,342,512,429,1 301,401,419,491,1 175,401,292,493,1
data/rot_images/201908_10969410_19-S02016_2032091_1564739090894_0.jpg 422,265,517,352,1 387,358,484,437,1 307,405,397,489,1 210,391,299,475,1
data/rot_images/201908_10969411_19-S02016_2055765_1564739104090_0.jpg 426,242,524,326,1 399,330,501,417,1 312,384,416,475,1 192,381,303,471,1
data/rot_images/201908_10969412_19-S02016_2037707_1564739119410_0.jpg 433,242,562,346,1 406,353,529,456,1 302,414,422,520,1 176,409,292,511,1
data/rot_images/201908_10969413_19-S02016_2047243_1564739136817_0.jpg 407,242,504,327,1 389,334,487,417,1
data/rot_images/201908_10969414_19-S02016_2047244_1564739156867_0.jpg 424,247,530,336,1 395,343,502,432,1 304,397,409,491,1 188,392,295,484,1
data/rot_images/201908_10969415_19-S02016_2047398_1564739169976_0.jpg 412,253,505,346,1 383,349,484,438,1 293,404,396,495,1 178,396,285,488,1
data/rot_images/201908_10969416_19-S02016_2047245_1564739182938_0.jpg 437,242,564,336,1 402,342,521,432,1 295,391,415,484,1 179,381,288,473,1
data/rot_images/201908_10969417_19-S02016_2067221_1564739194461_0.jpg 422,248,534,345,1 388,348,505,446,1 285,402,403,505,1 153,391,274,497,1
data/rot_images/201908_10969418_19-S02016_2091527_1564739207751_0.jpg 441,205,563,301,1 407,308,529,404,1 301,364,423,457,1 181,359,298,445,1
data/rot_images/201908_10969419_19-S02016_2031597_1564739342082_0.jpg 419,272,520,368,1 392,371,495,462,1 300,436,410,530,1 182,436,291,532,1
data/rot_images/201908_10969420_19-S02016_2054129_1564739352732_0.jpg 424,266,539,373,1 388,377,503,480,1 285,437,395,541,1 170,423,277,525,1
data/rot_images/201908_10969421_19-S02016_2031598_1564739373349_0.jpg 417,245,523,336,1 385,338,490,425,1 288,394,396,487,1 160,387,279,483,1
data/rot_images/201908_10969422_19-S02016_2026784_1564739385398_0.jpg 403,238,490,319,1 385,323,470,403,1 312,374,396,453,1 224,375,307,451,1
data/rot_images/201908_10969423_19-S02016_2031599_1564739400863_0.jpg 415,232,505,322,1 387,326,482,410,1 308,381,402,470,1 198,383,298,475,1
data/rot_images/201908_10969424_19-S02016_2032089_1564739416032_0.jpg 431,265,553,365,1 404,370,520,468,1 301,432,415,528,1 175,425,292,522,1
data/rot_images/201908_10969425_19-S02016_2031600_1564739434503_0.jpg 422,290,519,393,1 389,398,489,499,1 292,460,398,567,1 171,449,284,563,1
data/rot_images/201908_10969426_19-S02016_2031635_1564739447777_0.jpg 445,221,568,315,1 419,319,541,412,1 318,375,437,469,1 192,367,307,459,1
data/rot_images/201908_10969427_19-S02016_2031601_1564739469073_0.jpg 393,234,491,323,1 371,327,467,413,1 290,382,386,469,1 187,381,280,466,1
data/rot_images/201908_10969428_19-S02016_2052513_1564739476126_0.jpg 425,272,530,368,1 399,372,494,466,1 303,422,400,520,1 194,411,293,505,1
data/rot_images/201908_10969429_19-S02016_2031602_1564739488531_0.jpg 411,235,520,327,1 391,334,503,428,1 301,396,414,494,1 175,396,292,495,1
data/rot_images/201908_10969430_19-S02016_2055733_1564739503992_0.jpg 403,257,496,351,1 373,355,467,448,1 290,413,381,504,1 192,397,287,494,1
data/rot_images/201908_10969431_19-S02016_2030041_1564742800732_0.jpg 431,252,552,342,1 395,345,516,434,1 284,396,411,485,1 143,391,276,480,1
data/rot_images/201908_10969432_19-S02016_2056287_1564742814532_0.jpg 415,261,521,347,1 381,351,486,435,1 275,404,390,498,1 147,397,268,493,1
data/rot_images/201908_10969433_19-S02016_2032008_1564742829567_0.jpg 416,230,519,326,1 395,329,498,422,1 302,394,408,487,1 185,392,294,487,1
data/rot_images/201908_10969434_19-S02016_2036248_1564742842933_0.jpg 405,244,513,328,1 374,332,483,423,1 279,387,387,477,1 160,377,272,468,1
data/rot_images/201908_10969435_19-S02016_2029745_1564742861912_0.jpg 424,234,539,324,1 398,329,512,414,1 296,385,411,470,1 173,383,288,468,1
data/rot_images/201908_10969436_19-S02016_2053781_1564742872766_0.jpg 422,250,528,341,1 393,346,501,437,1 300,403,404,494,1 186,395,293,488,1
data/rot_images/201908_10969437_19-S02016_2029981_1564742891953_0.jpg 418,263,523,347,1 396,351,501,433,1 295,402,409,491,1 168,395,287,488,1
data/rot_images/201908_10969438_19-S02016_2029848_1564742903028_0.jpg 392,232,495,320,1 360,326,462,411,1 268,379,363,461,1 171,373,263,453,1
data/rot_images/201908_10969439_19-S02016_2032251_1564742920658_0.jpg 419,245,531,330,1 401,334,510,421,1 309,394,422,475,1 182,389,302,478,1
data/rot_images/201908_10969440_19-S02016_2056606_1564742937228_0.jpg 440,245,563,338,1 399,343,524,437,1 284,401,411,486,1 152,386,275,478,1
data/rot_images/201908_10969441_19-S02016_2031422_1564742950284_0.jpg 419,259,524,345,1 385,348,490,435,1 289,397,395,484,1 170,383,277,473,1
data/rot_images/201908_10969442_19-S02016_2056288_1564742966490_0.jpg 417,234,538,329,1 391,334,509,429,1 293,395,408,491,1 176,390,285,481,1
data/rot_images/201908_10969443_19-S02016_2001142_1564742377597_0.jpg 377,233,445,303,1 342,310,414,379,1 268,362,343,436,1 183,364,265,444,1
data/rot_images/201908_10969444_19-S02016_2032093_1564742389772_0.jpg 410,246,519,328,1 390,330,503,414,1 299,383,414,468,1 172,377,289,465,1
data/rot_images/201908_10969445_19-S02016_2062038_1564742414666_0.jpg 406,223,517,312,1 384,318,495,406,1 286,376,401,467,1 160,371,277,462,1
data/rot_images/201908_10969446_19-S02016_2054132_1564742427428_0.jpg 434,245,529,325,1 410,329,508,408,1 332,382,423,463,1 237,381,325,457,1
data/rot_images/201908_10969447_19-S02016_2042039_1564742444396_0.jpg 416,241,518,323,1 393,326,500,411,1 301,379,412,466,1 173,374,294,466,1
data/rot_images/201908_10969448_19-S02016_2031926_1564742462601_0.jpg 435,238,542,330,1 400,335,510,427,1 303,391,416,484,1 179,382,294,478,1
data/rot_images/201908_10969449_19-S02016_2042040_1564742493078_0.jpg 403,230,496,315,1 382,317,477,403,1 299,373,401,461,1 183,368,292,460,1
data/rot_images/201908_10969450_19-S02016_2042041_1564742509594_0.jpg 443,273,569,373,1 392,373,525,473,1
data/rot_images/201908_10969451_19-S02016_2032782_1564742526179_0.jpg 426,248,536,338,1 400,341,511,430,1 307,399,418,483,1 184,394,300,485,1
data/rot_images/201908_10969452_19-S02016_2047227_1564742539712_0.jpg 414,244,526,334,1 395,338,505,422,1 303,391,413,479,1 188,389,297,477,1
data/rot_images/201908_10969453_19-S02016_2047437_1564742555817_0.jpg 425,269,539,371,1 392,374,509,476,1 287,434,408,543,1 162,426,281,533,1
data/rot_images/201908_10969455_19-S02016_2001140_1564741622133_0.jpg 433,258,538,342,1 380,343,495,429,1 285,388,394,474,1 169,374,278,459,1
data/rot_images/201908_10969456_19-S02016_2023644_1564741632919_0.jpg 421,244,513,323,1 392,327,486,404,1 312,376,401,451,1 223,374,310,447,1
data/rot_images/201908_10969457_19-S02016_2062017_1564741652093_0.jpg 410,241,507,340,1 386,346,482,441,1 306,411,402,506,1 186,407,298,512,1
data/rot_images/201908_10969458_19-S02016_2023645_1564741666700_0.jpg 412,233,530,323,1 381,325,495,413,1 283,377,394,465,1 163,365,276,454,1
data/rot_images/201908_10969460_19-S02016_2023646_1564741695654_0.jpg 433,220,556,322,1 398,325,526,423,1 293,384,415,479,1 171,378,284,473,1
data/rot_images/201908_10969461_19-S02016_2062016_1564741725628_0.jpg 379,268,477,356,1 361,358,455,445,1 279,416,376,512,1 170,415,274,512,1
data/rot_images/201908_10969463_19-S02016_2062014_1564741750825_0.jpg 407,234,504,318,1 381,324,481,408,1 289,379,391,468,1 172,381,279,470,1
data/rot_images/201908_10969464_19-S02016_2023648_1564741763840_0.jpg 421,241,532,331,1 390,335,501,423,1 288,386,401,477,1 168,372,282,463,1
data/rot_images/201908_10969465_19-S02016_2062025_1564741776887_0.jpg 413,246,511,328,1 391,331,493,418,1 297,382,410,475,1 177,376,293,468,1
data/rot_images/201908_10969467_19-S02016_2053907_1564741873076_0.jpg 420,253,521,340,1 386,344,492,427,1 288,392,398,479,1 163,386,281,476,1
data/rot_images/201908_10969468_19-S02016_2038665_1564741886064_0.jpg 376,232,455,308,1 352,310,433,385,1 291,361,365,433,1 217,360,286,430,1
data/rot_images/201908_10969469_19-S02016_2053910_1564741902343_0.jpg 422,235,521,323,1 396,325,500,413,1 307,380,415,470,1 187,374,298,465,1
data/rot_images/201908_10969470_19-S02016_2038666_1564741922378_0.jpg 414,243,505,337,1 386,346,481,444,1 308,411,399,509,1 213,405,301,502,1
data/rot_images/201908_10969471_19-S02016_2053909_1564741936137_0.jpg 403,241,493,322,1 378,328,473,410,1 296,385,396,473,1 180,387,290,476,1
data/rot_images/201908_10969472_19-S02016_2031728_1564741951115_0.jpg 424,248,542,346,1 398,351,513,447,1 303,413,416,509,1 184,408,295,504,1
data/rot_images/201908_10969473_19-S02016_2046141_1564741968006_0.jpg 417,254,512,339,1 391,343,491,424,1 305,395,407,481,1 189,389,296,475,1
data/rot_images/201908_10969474_19-S02016_2031729_1564741979552_0.jpg 426,222,541,323,1 390,322,507,421,1 291,383,405,480,1 172,373,284,475,1
data/rot_images/201908_10969475_19-S02016_2047785_1564741991909_0.jpg 422,259,537,343,1 394,347,512,435,1 294,400,413,492,1 158,394,284,485,1
data/rot_images/201908_10969476_19-S02016_2038667_1564742008161_0.jpg 418,238,523,319,1 399,323,502,405,1 313,376,418,457,1 194,372,304,455,1
data/rot_images/201908_10969477_19-S02016_2053914_1564742023997_0.jpg 402,275,490,359,1 381,362,469,447,1 293,410,393,501,1 186,407,290,498,1
data/rot_images/201908_10969478_19-S02016_2031727_1564742037878_0.jpg 408,233,524,330,1 376,333,491,425,1 278,391,392,488,1 159,386,272,482,1
data/rot_images/201908_10969479_19-S02016_2036936_1564742096738_0.jpg 393,264,489,353,1 366,357,460,446,1 279,411,377,503,1 168,403,272,498,1
data/rot_images/201908_10969480_19-S02016_2045266_1564742109772_0.jpg 406,255,506,350,1 384,353,479,446,1 307,411,395,500,1 209,404,300,492,1
data/rot_images/201908_10969481_19-S02016_2059973_1564742135205_0.jpg 415,223,511,311,1 391,314,488,399,1 308,370,406,462,1 203,370,300,458,1
data/rot_images/201908_10969482_19-S02016_2045267_1564742148293_0.jpg 425,237,523,322,1 399,326,500,412,1 312,382,415,470,1 204,382,305,472,1
data/rot_images/201908_10969483_19-S02016_2052256_1564742162540_0.jpg 395,264,496,359,1 365,360,466,455,1 269,418,379,516,1 150,410,262,510,1
